6  10
0.0846628  0.105025  0.11385  0.098894  0.0988645  0.101763  0.103599  0.115696  0.0989089  0.0787378  
0.889799  0.551208  -0.587368  0.221922  0.017187  1.141  
2.97241  -4.08992  4.6865  -0.144193  0.0763241  6.3296  
5.36893  -7.21254  7.46484  -1.00118  0.178323  10.4219  
7.62347  -7.9631  10.1884  -1.65257  0.227111  12.9706  
9.55137  -7.37186  12.6641  -1.92365  0.208367  14.7005  
11.9085  -6.41619  15.0102  -2.58523  0.265282  16.3889  
14.0814  -5.9173  16.9057  -4.15838  0.495682  18.0475  
16.4316  -6.46485  15.868  -7.51661  1.29873  17.5993  
18.6285  -5.73382  12.2533  -10.9257  2.09178  14.7218  
20.597  -3.74139  10.9885  -11.4867  2.28058  13.1831  
0.283602  0.0648893  0.00449898  0.0387283  -0.00228219  0.106573  
0.0648893  0.502211  -0.133326  0.0819526  -0.0148076  0.365654  
0.00449898  -0.133326  0.649858  0.00175155  -0.0161127  -0.402735  
0.0387283  0.0819526  0.00175155  0.0341878  -0.00600403  0.0607819  
-0.00228219  -0.0148076  -0.0161127  -0.00600403  0.00222042  0.00113183  
0.106573  0.365654  -0.402735  0.0607819  0.00113183  0.590397  
0.546439  -1.36537  1.29756  -0.249977  0.0376094  1.86555  
-1.36537  4.00924  -4.33351  0.721681  -0.112702  -5.87189  
1.29756  -4.33351  6.92877  -0.679795  0.083046  7.91391  
-0.249977  0.721681  -0.679795  0.143562  -0.0246869  -0.992405  
0.0376094  -0.112702  0.083046  -0.0246869  0.00975686  0.14009  
1.86555  -5.87189  7.91391  -0.992405  0.14009  9.70732  
0.987738  -0.742874  0.549672  -0.448023  0.0792982  0.926005  
-0.742874  0.887191  -0.794223  0.419709  -0.0907895  -1.20911  
0.549672  -0.794223  1.67695  -0.266424  0.0369719  1.75691  
-0.448023  0.419709  -0.266424  0.240064  -0.050697  -0.495321  
0.0792982  -0.0907895  0.0369719  -0.050697  0.0178368  0.093119  
0.926005  -1.20911  1.75691  -0.495321  0.093119  2.11954  
1.24266  0.274166  -0.0459506  -0.317327  0.0752546  -0.188084  
0.274166  0.384924  -0.50161  0.0166181  -0.0107165  -0.631421  
-0.0459506  -0.50161  1.19171  -0.0746294  0.0139982  1.24638  
-0.317327  0.0166181  -0.0746294  0.117322  -0.0338395  -0.0751088  
0.0752546  -0.0107165  0.0139982  -0.0338395  0.0138388  0.019379  
-0.188084  -0.631421  1.24638  -0.0751088  0.019379  1.3696  
0.777277  0.404329  0.131394  -0.1577  0.0320356  -0.0852196  
0.404329  0.704116  -0.759171  0.0548654  -0.0172843  -1.01158  
0.131394  -0.759171  2.1536  -0.184363  0.0261352  2.24594  
-0.1577  0.0548654  -0.184363  0.0821833  -0.0217051  -0.189462  
0.0320356  -0.0172843  0.0261352  -0.0217051  0.00822079  0.0319829  
-0.0852196  -1.01158  2.24594  -0.189462  0.0319829  2.45322  
0.714842  0.0997485  0.40654  -0.382585  0.0699881  0.350897  
0.0997485  0.642495  -1.29519  0.0403355  -0.00463156  -1.43833  
0.40654  -1.29519  4.47013  -0.284747  0.00249054  4.60804  
-0.382585  0.0403355  -0.284747  0.24716  -0.0505769  -0.288108  
0.0699881  -0.00463156  0.00249054  -0.0505769  0.0124506  0.00663325  
0.350897  -1.43833  4.60804  -0.288108  0.00663325  4.79069  
0.953891  -0.770295  1.41963  -1.09044  0.212597  1.64543  
-0.770295  1.35759  -2.48956  0.917757  -0.170761  -2.82572  
1.41963  -2.48956  5.32505  -1.58108  0.27226  5.88972  
-1.09044  0.917757  -1.58108  1.3404  -0.284521  -1.85899  
0.212597  -0.170761  0.27226  -0.284521  0.068164  0.327525  
1.64543  -2.82572  5.88972  -1.85899  0.327525  6.54399  
1.12544  0.0193638  0.502412  -1.40658  0.297691  0.60263  
0.0193638  1.55684  -1.42443  0.14647  0.0517633  -1.87646  
0.502412  -1.42443  3.85991  -0.428596  -0.0274767  4.0473  
-1.40658  0.14647  -0.428596  1.91277  -0.410429  -0.65907  
0.297691  0.0517633  -0.0274767  -0.410429  0.0990863  0.00423866  
0.60263  -1.87646  4.0473  -0.65907  0.00423866  4.41161  
0.72991  0.476836  -0.0235388  -0.710797  0.155663  -0.0636215  
0.476836  1.21432  0.137732  -0.0104258  0.0562799  -0.346205  
-0.0235388  0.137732  2.99717  0.772071  -0.226184  2.25364  
-0.710797  -0.0104258  0.772071  1.15837  -0.231484  0.41942  
0.155663  0.0562799  -0.226184  -0.231484  0.0628369  -0.159849  
-0.0636215  -0.346205  2.25364  0.41942  -0.159849  1.89954  
0.328939  0.425269  0.294477  0.243457  -0.0414916  0.0263583  
0.425269  1.91188  1.25618  1.01773  -0.182825  0.214867  
0.294477  1.25618  4.79885  1.64248  -0.372561  3.16184  
0.243457  1.01773  1.64248  0.851273  -0.155433  0.850063  
-0.0414916  -0.182825  -0.372561  -0.155433  0.0443052  -0.21053  
0.0263583  0.214867  3.16184  0.850063  -0.21053  2.3383  
