5  10
0.166277  0.0506203  0.0846027  0.0900491  0.0929727  0.108376  0.0470639  0.148196  0.112326  0.0995153  
2.55581  -0.0166697  -0.00933609  -0.0014525  0.0766743  
5.9085  3.89971  1.037  0.542247  -9.91099  
8.03794  -5.02679  -3.25282  -4.20402  6.49223  
10.7127  -16.3479  -8.58935  -9.24029  29.0885  
13.5412  -26.1662  -13.7337  -14.2624  47.817  
16.672  -32.2188  -16.6515  -17.1077  60.1819  
19.1213  -31.2387  -14.7765  -15.3446  60.5534  
22.1249  -22.2833  -9.61975  -11.1862  45.0844  
26.1261  -11.3466  -3.94923  -5.84054  25.2763  
29.4328  -5.56932  -1.24293  -2.03829  14.5967  
2.23602  0.0121429  -0.00430024  0.00721567  -0.000394072  
0.0121429  0.0366613  0.0162164  0.012042  -0.110579  
-0.00430024  0.0162164  0.00802645  0.00517945  -0.0510511  
0.00721567  0.012042  0.00517945  0.00430057  -0.0352854  
-0.000394072  -0.110579  -0.0510511  -0.0352854  0.354283  
0.210715  0.0701027  -0.0630868  -0.193196  -0.466633  
0.0701027  1.83433  0.691338  0.580754  -4.06099  
-0.0630868  0.691338  0.32882  0.310931  -1.37815  
-0.193196  0.580754  0.310931  0.414922  -0.934322  
-0.466633  -4.06099  -1.37815  -0.934322  9.74546  
0.648305  -2.98116  -1.41078  -1.36647  5.69936  
-2.98116  14.7792  6.77711  6.6073  -28.8452  
-1.41078  6.77711  3.17327  3.05496  -13.1474  
-1.36647  6.6073  3.05496  2.98843  -12.7731  
5.69936  -28.8452  -13.1474  -12.7731  56.8128  
0.787738  -2.72379  -1.4063  -1.27257  5.27676  
-2.72379  10.881  5.31096  4.94525  -21.7097  
-1.4063  5.31096  2.66308  2.43136  -10.5754  
-1.27257  4.94525  2.43136  2.26674  -9.75713  
5.27676  -21.7097  -10.5754  -9.75713  44.3845  
0.7736  -2.7304  -1.45512  -1.44728  5.36155  
-2.7304  12.2339  5.91411  6.11198  -24.4195  
-1.45512  5.91411  2.98012  3.01649  -11.7261  
-1.44728  6.11198  3.01649  3.12601  -12.0359  
5.36155  -24.4195  -11.7261  -12.0359  50.0593  
0.958989  -0.162768  0.0166372  -0.0361135  0.550408  
-0.162768  3.47369  0.935471  1.42426  -7.4044  
0.0166372  0.935471  0.286227  0.380807  -1.7949  
-0.0361135  1.42426  0.380807  0.618076  -2.9343  
0.550408  -7.4044  -1.7949  -2.9343  17.8831  
0.222952  0.52558  0.433649  0.324175  -0.904023  
0.52558  4.44251  1.8844  1.91975  -9.21123  
0.433649  1.8844  1.11305  0.950521  -3.52224  
0.324175  1.91975  0.950521  0.939734  -3.71942  
-0.904023  -9.21123  -3.52224  -3.71942  21.0546  
1.92246  5.42079  2.93028  2.34842  -9.91767  
5.42079  18.0794  8.97803  7.44747  -34.6724  
2.93028  8.97803  4.66188  3.78627  -16.8681  
2.34842  7.44747  3.78627  3.12635  -14.0109  
-9.91767  -34.6724  -16.8681  -14.0109  68.5635  
1.11192  2.733  1.41401  1.7215  -4.47221  
2.733  9.47027  4.18372  5.09051  -18.2942  
1.41401  4.18372  2.00657  2.40146  -7.65276  
1.7215  5.09051  2.40146  2.9657  -9.20251  
-4.47221  -18.2942  -7.65276  -9.20251  37.8735  
0.803337  0.353461  0.104027  0.0946382  -0.962738  
0.353461  3.60504  1.0914  1.32876  -9.95521  
0.104027  1.0914  0.362214  0.389026  -3.1181  
0.0946382  1.32876  0.389026  0.511261  -3.62543  
-0.962738  -9.95521  -3.1181  -3.62543  28.0488  
