0.0365954 0.0162397 0.0120028 -0.110577 0.0162397 0.00801818 0.00519333 -0.0510518 0.0120028 0.00519333 0.00427728 -0.0352841 -0.110577 -0.0510518 -0.0352841 0.354283 
0.0365954 0.0162397 0.0120028 -0.110577 0.0162397 0.00801818 0.00519333 -0.0510518 0.0120028 0.00519333 0.00427728 -0.0352841 -0.110577 -0.0510518 -0.0352841 0.354283 
0.0365954 0.0162397 0.0120028 -0.110577 0.0162397 0.00801818 0.00519333 -0.0510518 0.0120028 0.00519333 0.00427728 -0.0352841 -0.110577 -0.0510518 -0.0352841 0.354283 
0.0365954 0.0162397 0.0120028 -0.110577 0.0162397 0.00801818 0.00519333 -0.0510518 0.0120028 0.00519333 0.00427728 -0.0352841 -0.110577 -0.0510518 -0.0352841 0.354283 
0.0365954 0.0162397 0.0120028 -0.110577 0.0162397 0.00801818 0.00519333 -0.0510518 0.0120028 0.00519333 0.00427728 -0.0352841 -0.110577 -0.0510518 -0.0352841 0.354283 
0.0365954 0.0162397 0.0120028 -0.110577 0.0162397 0.00801818 0.00519333 -0.0510518 0.0120028 0.00519333 0.00427728 -0.0352841 -0.110577 -0.0510518 -0.0352841 0.354283 
0.0365954 0.0162397 0.0120028 -0.110577 0.0162397 0.00801818 0.00519333 -0.0510518 0.0120028 0.00519333 0.00427728 -0.0352841 -0.110577 -0.0510518 -0.0352841 0.354283 
0.0365954 0.0162397 0.0120028 -0.110577 0.0162397 0.00801818 0.00519333 -0.0510518 0.0120028 0.00519333 0.00427728 -0.0352841 -0.110577 -0.0510518 -0.0352841 0.354283 
0.0365954 0.0162397 0.0120028 -0.110577 0.0162397 0.00801818 0.00519333 -0.0510518 0.0120028 0.00519333 0.00427728 -0.0352841 -0.110577 -0.0510518 -0.0352841 0.354283 
0.0365954 0.0162397 0.0120028 -0.110577 0.0162397 0.00801818 0.00519333 -0.0510518 0.0120028 0.00519333 0.00427728 -0.0352841 -0.110577 -0.0510518 -0.0352841 0.354283 
0.0365954 0.0162397 0.0120028 -0.110577 0.0162397 0.00801818 0.00519333 -0.0510518 0.0120028 0.00519333 0.00427728 -0.0352841 -0.110577 -0.0510518 -0.0352841 0.354283 
0.0365954 0.0162397 0.0120028 -0.110577 0.0162397 0.00801818 0.00519333 -0.0510518 0.0120028 0.00519333 0.00427728 -0.0352841 -0.110577 -0.0510518 -0.0352841 0.354283 
0.0365954 0.0162397 0.0120028 -0.110577 0.0162397 0.00801818 0.00519333 -0.0510518 0.0120028 0.00519333 0.00427728 -0.0352841 -0.110577 -0.0510518 -0.0352841 0.354283 
0.0365954 0.0162397 0.0120028 -0.110577 0.0162397 0.00801818 0.00519333 -0.0510518 0.0120028 0.00519333 0.00427728 -0.0352841 -0.110577 -0.0510518 -0.0352841 0.354283 
0.0365954 0.0162397 0.0120028 -0.110577 0.0162397 0.00801818 0.00519333 -0.0510518 0.0120028 0.00519333 0.00427728 -0.0352841 -0.110577 -0.0510518 -0.0352841 0.354283 
0.0365954 0.0162397 0.0120028 -0.110577 0.0162397 0.00801818 0.00519333 -0.0510518 0.0120028 0.00519333 0.00427728 -0.0352841 -0.110577 -0.0510518 -0.0352841 0.354283 
0.0365954 0.0162397 0.0120028 -0.110577 0.0162397 0.00801818 0.00519333 -0.0510518 0.0120028 0.00519333 0.00427728 -0.0352841 -0.110577 -0.0510518 -0.0352841 0.354283 
0.0365954 0.0162397 0.0120028 -0.110577 0.0162397 0.00801818 0.00519333 -0.0510518 0.0120028 0.00519333 0.00427728 -0.0352841 -0.110577 -0.0510518 -0.0352841 0.354283 
0.0365954 0.0162397 0.0120028 -0.110577 0.0162397 0.00801818 0.00519333 -0.0510518 0.0120028 0.00519333 0.00427728 -0.0352841 -0.110577 -0.0510518 -0.0352841 0.354283 
0.0365954 0.0162397 0.0120028 -0.110577 0.0162397 0.00801818 0.00519333 -0.0510518 0.0120028 0.00519333 0.00427728 -0.0352841 -0.110577 -0.0510518 -0.0352841 0.354283 
0.0365954 0.0162397 0.0120028 -0.110577 0.0162397 0.00801818 0.00519333 -0.0510518 0.0120028 0.00519333 0.00427728 -0.0352841 -0.110577 -0.0510518 -0.0352841 0.354283 
0.0365954 0.0162397 0.0120028 -0.110577 0.0162397 0.00801818 0.00519333 -0.0510518 0.0120028 0.00519333 0.00427728 -0.0352841 -0.110577 -0.0510518 -0.0352841 0.354283 
0.0365954 0.0162397 0.0120028 -0.110577 0.0162397 0.00801818 0.00519333 -0.0510518 0.0120028 0.00519333 0.00427728 -0.0352841 -0.110577 -0.0510518 -0.0352841 0.354283 
0.0365954 0.0162397 0.0120028 -0.110577 0.0162397 0.00801818 0.00519333 -0.0510518 0.0120028 0.00519333 0.00427728 -0.0352841 -0.110577 -0.0510518 -0.0352841 0.354283 
0.0365954 0.0162397 0.0120028 -0.110577 0.0162397 0.00801818 0.00519333 -0.0510518 0.0120028 0.00519333 0.00427728 -0.0352841 -0.110577 -0.0510518 -0.0352841 0.354283 
0.0365954 0.0162397 0.0120028 -0.110577 0.0162397 0.00801818 0.00519333 -0.0510518 0.0120028 0.00519333 0.00427728 -0.0352841 -0.110577 -0.0510518 -0.0352841 0.354283 
0.0365954 0.0162397 0.0120028 -0.110577 0.0162397 0.00801818 0.00519333 -0.0510518 0.0120028 0.00519333 0.00427728 -0.0352841 -0.110577 -0.0510518 -0.0352841 0.354283 
0.0365954 0.0162397 0.0120028 -0.110577 0.0162397 0.00801818 0.00519333 -0.0510518 0.0120028 0.00519333 0.00427728 -0.0352841 -0.110577 -0.0510518 -0.0352841 0.354283 
0.0365954 0.0162397 0.0120028 -0.110577 0.0162397 0.00801818 0.00519333 -0.0510518 0.0120028 0.00519333 0.00427728 -0.0352841 -0.110577 -0.0510518 -0.0352841 0.354283 
0.0365954 0.0162397 0.0120028 -0.110577 0.0162397 0.00801818 0.00519333 -0.0510518 0.0120028 0.00519333 0.00427728 -0.0352841 -0.110577 -0.0510518 -0.0352841 0.354283 
0.0365954 0.0162397 0.0120028 -0.110577 0.0162397 0.00801818 0.00519333 -0.0510518 0.0120028 0.00519333 0.00427728 -0.0352841 -0.110577 -0.0510518 -0.0352841 0.354283 
0.0365954 0.0162397 0.0120028 -0.110577 0.0162397 0.00801818 0.00519333 -0.0510518 0.0120028 0.00519333 0.00427728 -0.0352841 -0.110577 -0.0510518 -0.0352841 0.354283 
0.0365954 0.0162397 0.0120028 -0.110577 0.0162397 0.00801818 0.00519333 -0.0510518 0.0120028 0.00519333 0.00427728 -0.0352841 -0.110577 -0.0510518 -0.0352841 0.354283 
0.0365954 0.0162397 0.0120028 -0.110577 0.0162397 0.00801818 0.00519333 -0.0510518 0.0120028 0.00519333 0.00427728 -0.0352841 -0.110577 -0.0510518 -0.0352841 0.354283 
0.0365954 0.0162397 0.0120028 -0.110577 0.0162397 0.00801818 0.00519333 -0.0510518 0.0120028 0.00519333 0.00427728 -0.0352841 -0.110577 -0.0510518 -0.0352841 0.354283 
0.0365954 0.0162397 0.0120028 -0.110577 0.0162397 0.00801818 0.00519333 -0.0510518 0.0120028 0.00519333 0.00427728 -0.0352841 -0.110577 -0.0510518 -0.0352841 0.354283 
0.0365954 0.0162397 0.0120028 -0.110577 0.0162397 0.00801818 0.00519333 -0.0510518 0.0120028 0.00519333 0.00427728 -0.0352841 -0.110577 -0.0510518 -0.0352841 0.354283 
0.0365954 0.0162397 0.0120028 -0.110577 0.0162397 0.00801818 0.00519333 -0.0510518 0.0120028 0.00519333 0.00427728 -0.0352841 -0.110577 -0.0510518 -0.0352841 0.354283 
0.0365954 0.0162397 0.0120028 -0.110577 0.0162397 0.00801818 0.00519333 -0.0510518 0.0120028 0.00519333 0.00427728 -0.0352841 -0.110577 -0.0510518 -0.0352841 0.354283 
0.0365954 0.0162397 0.0120028 -0.110577 0.0162397 0.00801818 0.00519333 -0.0510518 0.0120028 0.00519333 0.00427728 -0.0352841 -0.110577 -0.0510518 -0.0352841 0.354283 
0.0365954 0.0162397 0.0120028 -0.110577 0.0162397 0.00801818 0.00519333 -0.0510518 0.0120028 0.00519333 0.00427728 -0.0352841 -0.110577 -0.0510518 -0.0352841 0.354283 
0.0365954 0.0162397 0.0120028 -0.110577 0.0162397 0.00801818 0.00519333 -0.0510518 0.0120028 0.00519333 0.00427728 -0.0352841 -0.110577 -0.0510518 -0.0352841 0.354283 
0.0365954 0.0162397 0.0120028 -0.110577 0.0162397 0.00801818 0.00519333 -0.0510518 0.0120028 0.00519333 0.00427728 -0.0352841 -0.110577 -0.0510518 -0.0352841 0.354283 
0.0365954 0.0162397 0.0120028 -0.110577 0.0162397 0.00801818 0.00519333 -0.0510518 0.0120028 0.00519333 0.00427728 -0.0352841 -0.110577 -0.0510518 -0.0352841 0.354283 
0.0365954 0.0162397 0.0120028 -0.110577 0.0162397 0.00801818 0.00519333 -0.0510518 0.0120028 0.00519333 0.00427728 -0.0352841 -0.110577 -0.0510518 -0.0352841 0.354283 
0.0365954 0.0162397 0.0120028 -0.110577 0.0162397 0.00801818 0.00519333 -0.0510518 0.0120028 0.00519333 0.00427728 -0.0352841 -0.110577 -0.0510518 -0.0352841 0.354283 
0.0365954 0.0162397 0.0120028 -0.110577 0.0162397 0.00801818 0.00519333 -0.0510518 0.0120028 0.00519333 0.00427728 -0.0352841 -0.110577 -0.0510518 -0.0352841 0.354283 
0.0365954 0.0162397 0.0120028 -0.110577 0.0162397 0.00801818 0.00519333 -0.0510518 0.0120028 0.00519333 0.00427728 -0.0352841 -0.110577 -0.0510518 -0.0352841 0.354283 
0.0365954 0.0162397 0.0120028 -0.110577 0.0162397 0.00801819 0.00519333 -0.0510519 0.0120028 0.00519333 0.00427729 -0.0352841 -0.110577 -0.0510519 -0.0352841 0.354283 
0.0365954 0.0162397 0.0120028 -0.110577 0.0162397 0.00801819 0.00519333 -0.0510519 0.0120028 0.00519333 0.00427729 -0.0352841 -0.110577 -0.0510519 -0.0352841 0.354283 
0.0365954 0.0162397 0.0120028 -0.110577 0.0162397 0.00801819 0.00519333 -0.0510519 0.0120028 0.00519333 0.00427729 -0.0352841 -0.110577 -0.0510519 -0.0352841 0.354283 
0.0365954 0.0162397 0.0120028 -0.110577 0.0162397 0.00801819 0.00519333 -0.0510519 0.0120028 0.00519333 0.00427729 -0.0352841 -0.110577 -0.0510519 -0.0352841 0.354283 
0.0365954 0.0162397 0.0120028 -0.110577 0.0162397 0.00801819 0.00519334 -0.0510519 0.0120028 0.00519334 0.00427729 -0.0352841 -0.110577 -0.0510519 -0.0352841 0.354283 
0.0365955 0.0162397 0.0120028 -0.110577 0.0162397 0.0080182 0.00519334 -0.0510519 0.0120028 0.00519334 0.00427729 -0.0352842 -0.110577 -0.0510519 -0.0352842 0.354283 
0.0365955 0.0162397 0.0120029 -0.110577 0.0162397 0.0080182 0.00519334 -0.0510519 0.0120029 0.00519334 0.0042773 -0.0352842 -0.110577 -0.0510519 -0.0352842 0.354283 
0.0365955 0.0162398 0.0120029 -0.110577 0.0162398 0.00801821 0.00519335 -0.051052 0.0120029 0.00519335 0.0042773 -0.0352842 -0.110577 -0.051052 -0.0352842 0.354283 
0.0365956 0.0162398 0.0120029 -0.110577 0.0162398 0.00801823 0.00519336 -0.051052 0.0120029 0.00519336 0.00427731 -0.0352843 -0.110577 -0.051052 -0.0352843 0.354284 
0.0365957 0.0162398 0.0120029 -0.110577 0.0162398 0.00801824 0.00519338 -0.0510521 0.0120029 0.00519338 0.00427733 -0.0352844 -0.110577 -0.0510521 -0.0352844 0.354284 
0.0365959 0.0162399 0.012003 -0.110578 0.0162399 0.00801827 0.00519341 -0.0510523 0.012003 0.00519341 0.00427735 -0.0352845 -0.110578 -0.0510523 -0.0352845 0.354285 
0.0365961 0.01624 0.0120031 -0.110578 0.01624 0.00801832 0.00519344 -0.0510525 0.0120031 0.00519344 0.00427738 -0.0352846 -0.110578 -0.0510525 -0.0352846 0.354286 
0.0365965 0.0162402 0.0120032 -0.110579 0.0162402 0.00801838 0.0051935 -0.0510528 0.0120032 0.0051935 0.00427743 -0.0352849 -0.110579 -0.0510528 -0.0352849 0.354287 
0.0365969 0.0162404 0.0120034 -0.11058 0.0162404 0.00801847 0.00519358 -0.0510532 0.0120034 0.00519358 0.00427751 -0.0352853 -0.11058 -0.0510532 -0.0352853 0.354289 
0.0365977 0.0162407 0.0120037 -0.110581 0.0162407 0.0080186 0.0051937 -0.0510538 0.0120037 0.0051937 0.00427763 -0.0352858 -0.110581 -0.0510538 -0.0352858 0.354293 
0.0365987 0.0162411 0.0120041 -0.110583 0.0162411 0.0080188 0.00519389 -0.0510548 0.0120041 0.00519389 0.00427782 -0.0352866 -0.110583 -0.0510548 -0.0352866 0.354297 
0.0366002 0.0162418 0.0120047 -0.110587 0.0162418 0.0080191 0.00519417 -0.0510561 0.0120047 0.00519417 0.00427811 -0.0352878 -0.110587 -0.0510561 -0.0352878 0.354303 
0.0366025 0.0162428 0.0120056 -0.110591 0.0162428 0.00801955 0.0051946 -0.0510581 0.0120056 0.0051946 0.00427859 -0.0352896 -0.110591 -0.0510581 -0.0352896 0.354313 
0.0366058 0.0162443 0.012007 -0.110598 0.0162443 0.00802022 0.00519529 -0.051061 0.012007 0.00519529 0.00427936 -0.0352923 -0.110598 -0.051061 -0.0352923 0.354326 
0.0366108 0.0162465 0.0120093 -0.110608 0.0162465 0.00802125 0.00519636 -0.0510654 0.0120093 0.00519636 0.00428061 -0.0352964 -0.110608 -0.0510654 -0.0352964 0.354347 
0.0366183 0.0162499 0.0120128 -0.110623 0.0162499 0.00802282 0.00519806 -0.0510719 0.0120128 0.00519806 0.00428266 -0.0353029 -0.110623 -0.0510719 -0.0353029 0.354376 
0.0366298 0.0162551 0.0120183 -0.110645 0.0162551 0.00802528 0.00520078 -0.0510819 0.0120183 0.00520078 0.00428603 -0.0353129 -0.110645 -0.0510819 -0.0353129 0.354421 
0.0366473 0.0162632 0.0120272 -0.110679 0.0162632 0.0080291 0.00520516 -0.0510971 0.0120272 0.00520516 0.00429157 -0.0353288 -0.110679 -0.0510971 -0.0353288 0.354488 
0.0366744 0.0162758 0.0120414 -0.110731 0.0162758 0.00803511 0.00521222 -0.0511207 0.0120414 0.00521222 0.00430067 -0.0353542 -0.110731 -0.0511207 -0.0353542 0.354589 
0.0367167 0.0162956 0.0120644 -0.110811 0.0162956 0.00804461 0.00522361 -0.0511575 0.0120644 0.00522361 0.00431557 -0.0353949 -0.110811 -0.0511575 -0.0353949 0.354744 
0.0367831 0.0163268 0.0121014 -0.110936 0.0163268 0.00805966 0.00524198 -0.0512152 0.0121014 0.00524198 0.00433983 -0.0354606 -0.110936 -0.0512152 -0.0354606 0.354985 
0.036888 0.0163763 0.012161 -0.111132 0.0163763 0.0080835 0.00527149 -0.0513062 0.012161 0.00527149 0.00437908 -0.0355665 -0.111132 -0.0513062 -0.0355665 0.355362 
0.0370541 0.0164547 0.012257 -0.111443 0.0164547 0.00812129 0.00531872 -0.0514505 0.012257 0.00531872 0.00444212 -0.0357376 -0.111443 -0.0514505 -0.0357376 0.355954 
0.0373179 0.0165789 0.0124108 -0.111936 0.0165789 0.008181 0.00539388 -0.0516795 0.0124108 0.00539388 0.00454251 -0.0360132 -0.111936 -0.0516795 -0.0360132 0.356891 
0.0377365 0.0167755 0.0126558 -0.11272 0.0167755 0.00827503 0.00551267 -0.0520429 0.0126558 0.00551267 0.00470095 -0.0364555 -0.11272 -0.0520429 -0.0364555 0.35838 
0.0383995 0.0170853 0.0130437 -0.113964 0.0170853 0.00842232 0.00569896 -0.0526182 0.0130437 0.00569896 0.00494857 -0.0371613 -0.113964 -0.0526182 -0.0371613 0.360748 
0.039446 0.0175713 0.0136532 -0.115937 0.0175713 0.00865161 0.00598861 -0.053526 0.0136532 0.00598861 0.00533159 -0.0382801 -0.115937 -0.053526 -0.0382801 0.364514 
0.0410899 0.0183288 0.0146026 -0.119054 0.0183288 0.00900598 0.00643479 -0.054951 0.0146026 0.00643479 0.00591771 -0.04004 -0.119054 -0.054951 -0.04004 0.370489 
0.0436567 0.0195012 0.0160681 -0.123953 0.0195012 0.00954924 0.00711537 -0.0571739 0.0160681 0.00711537 0.00680467 -0.0427839 -0.123953 -0.0571739 -0.0427839 0.37993 
0.0476357 0.0213013 0.0183079 -0.131604 0.0213013 0.0103748 0.00814272 -0.0606156 0.0183079 0.00814272 0.00813142 -0.0470215 -0.131604 -0.0606156 -0.0470215 0.394767 
0.0537537 0.0240405 0.0216952 -0.143463 0.0240405 0.0116172 0.0096766 -0.0658997 0.0216952 0.0096766 0.0100923 -0.0534989 -0.143463 -0.0658997 -0.0534989 0.417927 
0.0630764 0.0281685 0.0267616 -0.161688 0.0281685 0.0134681 0.0119406 -0.0739372 0.0267616 0.0119406 0.0129546 -0.0632914 -0.161688 -0.0739372 -0.0632914 0.453793 
0.0771408 0.0343245 0.03425 -0.189426 0.0343245 0.0161953 0.0152417 -0.0860374 0.03425 0.0152417 0.0170781 -0.0779225 -0.189426 -0.0860374 -0.0779225 0.508829 
0.0981289 0.0434004 0.0451796 -0.231198 0.0434004 0.0201665 0.0199935 -0.104051 0.0451796 0.0199935 0.0229373 -0.0995096 -0.231198 -0.104051 -0.0995096 0.592417 
0.129076 0.0566162 0.0609171 -0.293367 0.0566162 0.0258755 0.0267392 -0.130538 0.0609171 0.0267392 0.031141 -0.13093 -0.293367 -0.130538 -0.13093 0.717917 
0.174103 0.0755978 0.0832433 -0.384681 0.0755978 0.0339685 0.0361719 -0.168958 0.0832433 0.0361719 0.0424441 -0.175986 -0.384681 -0.168958 -0.175986 0.903924 
0.238651 0.102447 0.114401 -0.51684 0.102447 0.0452632 0.0491431 -0.223845 0.114401 0.0491431 0.0577448 -0.239545 -0.51684 -0.223845 -0.239544 1.17562 
0.329626 0.139772 0.157086 -0.704921 0.139772 0.0607502 0.0666467 -0.300911 0.157086 0.0666467 0.0780473 -0.327552 -0.704921 -0.300911 -0.327552 1.56593 
0.455373 0.190636 0.214333 -0.967448 0.190636 0.0815595 0.0897612 -0.40699 0.214333 0.0897612 0.104377 -0.446853 -0.967448 -0.40699 -0.446853 2.11596 
0.625272 0.258356 0.289235 -1.32569 0.258356 0.108867 0.119525 -0.549659 0.289235 0.119525 0.137625 -0.604636 -1.32569 -0.549659 -0.604636 2.87388 
0.848745 0.346079 0.384419 -1.80168 0.346079 0.143717 0.156725 -0.736374 0.384419 0.156725 0.178299 -0.807337 -1.80168 -0.736374 -0.807337 3.89098 
1.13349 0.456079 0.501259 -2.41448 0.456079 0.186748 0.201599 -0.972968 0.501259 0.201599 0.226208 -1.05894 -2.41448 -0.972968 -1.05894 5.21393 
1.48288 0.588782 0.638863 -3.17447 0.588782 0.23783 0.253469 -1.26149 0.638863 0.253469 0.280107 -1.35867 -3.17447 -1.26149 -1.35867 6.87219 
1.89288 0.741697 0.793086 -4.07635 0.741697 0.295699 0.310432 -1.59772 0.793086 0.310432 0.337446 -1.69871 -4.07635 -1.59772 -1.69871 8.86223 
2.34942 0.908607 0.955954 -5.09266 0.908607 0.357719 0.36922 -1.96918 0.955954 0.36922 0.394357 -2.06258 -5.09266 -1.96918 -2.06258 11.1319 
2.82757 1.07952 1.11603 -6.17111 1.07952 0.419958 0.425445 -2.35462 1.11603 0.425445 0.446066 -2.4256 -6.17111 -2.35462 -2.4256 13.5724 
3.29383 1.2418 1.26002 -7.23858 1.2418 0.477702 0.474279 -2.72623 1.26002 0.474279 0.487737 -2.75809 -7.23858 -2.72623 -2.75809 16.0248 
3.71174 1.38244 1.37536 -8.21284 1.38244 0.526339 0.511452 -3.0544 1.37536 0.511452 0.515553 -3.03106 -8.21284 -3.0544 -3.03106 18.3046 
4.04947 1.49083 1.45309 -9.01942 1.49083 0.562373 0.534239 -3.31401 1.45309 0.534239 0.527644 -3.22266 -9.01942 -3.31401 -3.22266 20.238 
4.28653 1.56101 1.48977 -9.6073 1.56101 0.584149 0.542038 -3.48975 1.48977 0.542038 0.524475 -3.32291 -9.6073 -3.48975 -3.32291 21.6993 
4.41716 1.59251 1.48771 -9.95764 1.59251 0.592031 0.536305 -3.57847 1.48771 0.536305 0.50853 -3.33486 -9.95764 -3.57847 -3.33486 22.6329 
4.44926 1.58965 1.4537 -10.083 1.58965 0.588018 0.51995 -3.58809 1.4537 0.51995 0.483504 -3.27206 -10.083 -3.58809 -3.27206 23.0542 
4.40028 1.55974 1.39679 -10.0187 1.55974 0.57503 0.496483 -3.53385 1.39679 0.496483 0.453343 -3.15394 -10.0187 -3.53385 -3.15394 23.0334 
4.29189 1.5111 1.32619 -9.81151 1.5111 0.556173 0.469266 -3.43399 1.32619 0.469266 0.421506 -3.001 -9.81151 -3.43399 -3.001 22.6701 
4.14548 1.4515 1.24979 -9.50909 1.4515 0.534212 0.441032 -3.30602 1.24979 0.441032 0.390573 -2.83134 -9.50909 -3.30602 -2.83134 22.0698 
3.97926 1.38726 1.1735 -9.15319 1.38726 0.511292 0.413712 -3.16456 1.1735 0.413712 0.362175 -2.65887 -9.15319 -3.16456 -2.65887 21.3278 
3.80716 1.32296 1.1012 -8.77655 1.32296 0.488896 0.388481 -3.02054 1.1012 0.388481 0.337141 -2.49309 -8.77655 -3.02054 -2.49309 20.5205 
3.63877 1.26158 1.03506 -8.40244 1.26158 0.467924 0.365911 -2.88128 1.03506 0.365911 0.31571 -2.3396 -8.40244 -2.88128 -2.3396 19.704 
3.48008 1.20479 0.97599 -8.04592 1.20479 0.448826 0.346148 -2.75116 0.97599 0.346148 0.297746 -2.20104 -8.04592 -2.75116 -2.20104 18.9159 
3.33427 1.15334 0.924047 -7.7156 1.15334 0.431741 0.329078 -2.63233 0.924047 0.329078 0.282916 -2.07801 -7.7156 -2.63233 -2.07801 18.179 
3.20259 1.10734 0.878795 -7.41549 1.10734 0.416614 0.314442 -2.52542 0.878795 0.314442 0.270803 -1.96987 -7.41549 -2.52542 -1.96987 17.5053 
3.08505 1.06652 0.839548 -7.14652 1.06652 0.403275 0.301924 -2.43013 0.839548 0.301924 0.260992 -1.8753 -7.14652 -2.43013 -1.8753 16.899 
2.98089 1.03041 0.805528 -6.9077 1.03041 0.391503 0.2912 -2.34559 0.805528 0.2912 0.253101 -1.79267 -6.9077 -2.34559 -1.79267 16.36 
2.88899 0.99844 0.775977 -6.69701 0.99844 0.381064 0.281974 -2.27066 0.775977 0.281974 0.246816 -1.72034 -6.69701 -2.27066 -1.72034 15.885 
2.80812 0.970052 0.750222 -6.512 0.970052 0.37173 0.273991 -2.20415 0.750222 0.273991 0.241893 -1.65679 -6.512 -2.20415 -1.65679 15.4694 
2.73707 0.944725 0.727713 -6.35021 0.944725 0.363303 0.267051 -2.14494 0.727713 0.267051 0.238164 -1.60073 -6.35021 -2.14494 -1.60073 15.1086 
2.67484 0.922033 0.708052 -6.20948 0.922033 0.355622 0.261018 -2.09204 0.708052 0.261018 0.235547 -1.55118 -6.20948 -2.09204 -1.55118 14.7979 
2.62076 0.90168 0.691035 -6.08827 0.90168 0.348578 0.25583 -2.04477 0.691035 0.25583 0.234048 -1.50756 -6.08827 -2.04477 -1.50756 14.5343 
2.57458 0.883544 0.676685 -5.98592 0.883544 0.34213 0.251511 -2.00276 0.676685 0.251511 0.233772 -1.46976 -5.98592 -2.00276 -1.46976 14.3161 
2.53667 0.867743 0.665304 -5.903 0.867743 0.336329 0.248194 -1.96615 0.665304 0.248194 0.234941 -1.43826 -5.903 -1.96615 -1.43826 14.1443 
2.50819 0.854707 0.657547 -5.84174 0.854707 0.331345 0.246143 -1.93574 0.657548 0.246143 0.23791 -1.41429 -5.84174 -1.93574 -1.41429 14.0232 
2.49135 0.845276 0.654499 -5.80653 0.845276 0.327511 0.245789 -1.91317 0.654499 0.245789 0.243193 -1.39999 -5.80653 -1.91317 -1.39999 13.9616 
2.48966 0.840806 0.657751 -5.80439 0.840806 0.325359 0.247757 -1.90119 0.657751 0.247757 0.251473 -1.39857 -5.80439 -1.90119 -1.39857 13.9735 
2.5081 0.84326 0.669449 -5.84551 0.84326 0.325667 0.252886 -1.90379 0.669449 0.252886 0.263603 -1.41448 -5.84551 -1.90379 -1.41448 14.0797 
2.55315 0.855225 0.692243 -5.94309 0.855225 0.329462 0.262211 -1.92633 0.692243 0.262211 0.280555 -1.45326 -5.94309 -1.92633 -1.45326 14.3069 
2.63231 0.87976 0.729061 -6.11248 0.87976 0.337979 0.27688 -1.97516 0.729061 0.27688 0.303301 -1.52113 -6.11248 -1.97516 -1.52113 14.6861 
2.75289 0.919961 0.782583 -6.36863 0.919961 0.352488 0.297951 -2.05676 0.782583 0.297951 0.332585 -1.6239 -6.36863 -2.05676 -1.6239 15.2473 
2.9197 0.978081 0.854323 -6.7212 0.978081 0.373973 0.326038 -2.17592 0.854323 0.326038 0.368547 -1.76508 -6.7212 -2.17592 -1.76508 16.0091 
3.13163 1.05422 0.943345 -7.16737 1.05422 0.402609 0.360815 -2.33292 0.943345 0.360815 0.410262 -1.94313 -7.16737 -2.33292 -1.94313 16.9637 
3.37774 1.14476 1.04489 -7.68366 1.14476 0.43716 0.400477 -2.52028 1.04489 0.400477 0.45529 -2.14861 -7.68366 -2.52028 -2.14861 18.0592 
3.63454 1.24124 1.14959 -8.22009 1.24124 0.474504 0.441409 -2.72034 1.14959 0.441409 0.499504 -2.36233 -8.22009 -2.72034 -2.36233 19.1883 
3.86691 1.33056 1.24405 -8.7022 1.33056 0.509671 0.478412 -2.90558 1.24405 0.478412 0.537487 -2.55658 -8.7022 -2.90558 -2.55657 20.192 
4.03429 1.39723 1.31338 -9.04411 1.39723 0.536678 0.505657 -3.04342 1.31338 0.505657 0.563616 -2.70026 -9.04411 -3.04342 -2.70026 20.8875 
4.10141 1.42744 1.3452 -9.17125 1.42744 0.550072 0.518235 -3.10465 1.3452 0.518235 0.573585 -2.76729 -9.17125 -3.10465 -2.76729 21.1171 
4.0492 1.41328 1.3334 -9.04356 1.41328 0.546592 0.513649 -3.07253 1.3334 0.513649 0.56572 -2.74456 -9.04356 -3.07253 -2.74456 20.7969 
3.88066 1.35516 1.27993 -8.66793 1.35516 0.526146 0.492532 -2.94783 1.27993 0.492532 0.541441 -2.63578 -8.66793 -2.94783 -2.63578 19.9437 
3.61878 1.26117 1.19365 -8.09381 1.26117 0.491638 0.458255 -2.74765 1.19365 0.458255 0.504651 -2.45922 -8.09381 -2.74765 -2.45922 18.6652 
3.29824 1.14408 1.08721 -7.39557 1.14408 0.447833 0.415706 -2.49898 1.08721 0.415706 0.460446 -2.2411 -7.39557 -2.49898 -2.24109 17.1222 
2.95542 1.01752 0.973425 -6.65117 1.01752 0.399922 0.369909 -2.23071 0.973425 0.369909 0.41378 -2.0081 -6.65117 -2.23071 -2.0081 15.4831 
2.62081 0.893062 0.862735 -5.92593 0.893062 0.352372 0.325002 -1.96737 0.862736 0.325002 0.368566 -1.78201 -5.92593 -1.96737 -1.782 13.8887 
2.31543 0.778802 0.762133 -5.26487 0.778802 0.308353 0.283801 -1.72611 0.762133 0.283801 0.327353 -1.57735 -5.26487 -1.72611 -1.57735 12.4363 
2.05069 0.679233 0.675258 -4.69242 0.679233 0.269675 0.247816 -1.51644 0.675258 0.247816 0.291427 -1.40166 -4.69242 -1.51644 -1.40165 11.1786 
1.83033 0.595933 0.603142 -4.21652 0.595933 0.237025 0.21753 -1.34166 0.603142 0.21753 0.261116 -1.25697 -4.21652 -1.34166 -1.25697 10.1327 
1.65284 0.528471 0.545103 -3.83378 0.528471 0.210311 0.192748 -1.20079 0.545104 0.192748 0.236139 -1.14177 -3.83378 -1.20079 -1.14177 9.29101 
1.51372 0.475263 0.499534 -3.53443 0.475263 0.188983 0.172888 -1.09041 0.499534 0.172888 0.215894 -1.05257 -3.53443 -1.09041 -1.05257 8.63237 
1.4072 0.434207 0.464454 -3.30594 0.434207 0.172279 0.157212 -1.00598 0.464454 0.157212 0.19965 -0.985156 -3.30594 -1.00598 -0.985154 8.12937 
1.32732 0.403111 0.437877 -3.13533 0.403111 0.159389 0.144966 -0.94277 0.437878 0.144966 0.186689 -0.935288 -3.13533 -0.94277 -0.935287 7.75376 
1.26855 0.37993 0.418 -3.01064 0.37993 0.14955 0.135456 -0.896388 0.418 0.135456 0.176363 -0.899148 -3.01064 -0.896388 -0.899146 7.47934 
1.22615 0.362889 0.403286 -2.9215 0.362889 0.142097 0.128084 -0.863018 0.403287 0.128084 0.168118 -0.873488 -2.9215 -0.863018 -0.873487 7.28343 
1.19616 0.350526 0.392489 -2.85935 0.350526 0.136476 0.122364 -0.839507 0.392489 0.122364 0.1615 -0.85568 -2.85935 -0.839507 -0.855679 7.14727 
1.17548 0.341665 0.384626 -2.81737 0.341665 0.132239 0.117904 -0.823337 0.384627 0.117904 0.156155 -0.843663 -2.81737 -0.823337 -0.843661 7.05588 
1.16166 0.3354 0.378946 -2.79029 0.3354 0.12904 0.114404 -0.812558 0.378946 0.114404 0.151805 -0.835872 -2.79029 -0.812558 -0.83587 6.99765 
1.15287 0.331032 0.374881 -2.77409 0.331032 0.126615 0.111635 -0.8057 0.374881 0.111635 0.148235 -0.831144 -2.77409 -0.8057 -0.831142 6.9638 
1.14777 0.32806 0.372025 -2.76587 0.32806 0.124761 0.109426 -0.801673 0.372025 0.109426 0.145292 -0.828648 -2.76587 -0.801673 -0.828648 6.94785 
1.14538 0.326108 0.370077 -2.76348 0.326108 0.123336 0.107648 -0.799694 0.370077 0.107648 0.142852 -0.827785 -2.76348 -0.799694 -0.827782 6.94514 
1.14503 0.324915 0.368845 -2.76546 0.324915 0.122232 0.106214 -0.799216 0.368847 0.106214 0.140831 -0.828154 -2.76546 -0.799216 -0.828154 6.95242 
1.14622 0.324293 0.36817 -2.7708 0.324293 0.121374 0.105058 -0.799854 0.368172 0.105058 0.139162 -0.829494 -2.7708 -0.799854 -0.829494 6.96748 
1.14865 0.324123 0.367968 -2.77883 0.324123 0.120713 0.104134 -0.801367 0.36797 0.104134 0.137793 -0.831638 -2.77883 -0.801367 -0.831638 6.98892 
1.15214 0.324316 0.368177 -2.78915 0.324316 0.120207 0.103406 -0.803591 0.368179 0.103406 0.136696 -0.83449 -2.78915 -0.803591 -0.834486 7.01589 
1.15655 0.324827 0.368765 -2.80157 0.324827 0.119836 0.102858 -0.806442 0.368767 0.102858 0.135843 -0.838007 -2.80157 -0.806442 -0.838007 7.04803 
1.16183 0.325617 0.369703 -2.81597 0.325617 0.119579 0.102466 -0.80987 0.369703 0.102466 0.135216 -0.842178 -2.81597 -0.80987 -0.842178 7.08521 
1.16797 0.326675 0.370989 -2.83235 0.326675 0.119421 0.102222 -0.813852 0.370989 0.102222 0.134794 -0.847015 -2.83235 -0.813852 -0.847015 7.12755 
1.17495 0.32798 0.372608 -2.85077 0.32798 0.119361 0.102112 -0.818401 0.37261 0.102112 0.134565 -0.852528 -2.85077 -0.818401 -0.852528 7.1753 
1.18282 0.329544 0.37459 -2.87133 0.329544 0.119392 0.102146 -0.823532 0.37459 0.102146 0.134541 -0.858765 -2.87133 -0.823532 -0.858765 7.22881 
1.19154 0.331341 0.37689 -2.89405 0.331341 0.1195 0.102295 -0.829247 0.376894 0.102295 0.134682 -0.865715 -2.89405 -0.829247 -0.865715 7.28845 
1.20113 0.33338 0.379536 -2.91905 0.33338 0.119684 0.102571 -0.835564 0.379536 0.102571 0.135 -0.87344 -2.91905 -0.835564 -0.87344 7.35463 
1.21163 0.335653 0.382523 -2.94639 0.335653 0.119944 0.102966 -0.842503 0.382523 0.102966 0.135483 -0.881924 -2.94639 -0.842503 -0.881924 7.42771 
1.22297 0.33815 0.385822 -2.97606 0.33815 0.120268 0.10347 -0.850048 0.385822 0.10347 0.136126 -0.891171 -2.97606 -0.850048 -0.891171 7.50794 
1.23508 0.340847 0.389423 -3.00793 0.340847 0.120657 0.10408 -0.858192 0.389423 0.10408 0.136908 -0.901104 -3.00793 -0.858192 -0.901104 7.59535 
1.24788 0.343708 0.393288 -3.04188 0.343708 0.121088 0.104784 -0.866875 0.393288 0.104784 0.137833 -0.911716 -3.04188 -0.866875 -0.911716 7.68994 
1.26123 0.346722 0.397381 -3.07757 0.346722 0.121565 0.105576 -0.876034 0.397381 0.105576 0.13888 -0.922874 -3.07757 -0.876034 -0.922874 7.79126 
1.27496 0.349823 0.401657 -3.11464 0.349823 0.122072 0.106443 -0.88559 0.401657 0.106443 0.140039 -0.934471 -3.11464 -0.88559 -0.934464 7.89864 
1.28876 0.352962 0.406048 -3.15243 0.352962 0.122602 0.107382 -0.895416 0.406048 0.107382 0.141308 -0.94635 -3.15243 -0.895416 -0.946342 8.01091 
1.30238 0.356106 0.410488 -3.19023 0.356106 0.123148 0.108385 -0.905365 0.410488 0.108385 0.142662 -0.958275 -3.19023 -0.905365 -0.958267 8.12639 
1.31548 0.359169 0.414909 -3.22713 0.359169 0.123703 0.109444 -0.915268 0.414909 0.109444 0.144104 -0.970039 -3.22713 -0.915268 -0.970032 8.24303 
1.3277 0.362114 0.419247 -3.2621 0.362114 0.12426 0.110558 -0.92495 0.419247 0.110558 0.14563 -0.981415 -3.2621 -0.92495 -0.981407 8.3582 
1.33865 0.364902 0.423435 -3.29399 0.364902 0.124834 0.111736 -0.934242 0.423435 0.111736 0.147251 -0.992142 -3.29399 -0.934242 -0.992134 8.46884 
1.34807 0.367504 0.427452 -3.32178 0.367504 0.125416 0.112991 -0.943016 0.427452 0.112991 0.148972 -1.00204 -3.32178 -0.943016 -1.00203 8.57179 
1.35562 0.369907 0.431305 -3.34444 0.369907 0.126041 0.114342 -0.951164 0.431305 0.114342 0.150837 -1.01099 -3.34444 -0.951164 -1.01099 8.66379 
1.36133 0.372192 0.435036 -3.36134 0.372192 0.126726 0.115814 -0.958679 0.435036 0.115814 0.152855 -1.01897 -3.36134 -0.958679 -1.01897 8.74203 
1.36511 0.374401 0.438728 -3.3721 0.374401 0.12751 0.117466 -0.965675 0.438728 0.117466 0.155106 -1.02609 -3.3721 -0.965675 -1.02608 8.80444 
1.36727 0.376682 0.44252 -3.37689 0.376682 0.128433 0.119316 -0.972313 0.44252 0.119316 0.157616 -1.0326 -3.37689 -0.972313 -1.0326 8.84988 
1.36819 0.379112 0.446541 -3.37639 0.379112 0.129517 0.121399 -0.978821 0.446541 0.121399 0.160416 -1.03879 -3.37639 -0.978821 -1.03879 8.87851 
1.36845 0.381889 0.450966 -3.37177 0.381889 0.130802 0.123741 -0.985558 0.450966 0.123741 0.163544 -1.04512 -3.37177 -0.985558 -1.04512 8.89188 
1.36856 0.38504 0.455864 -3.36433 0.38504 0.132263 0.126328 -0.992729 0.455864 0.126328 0.166977 -1.05196 -3.36433 -0.992729 -1.05194 8.89246 
1.36911 0.388664 0.461365 -3.35579 0.388664 0.133915 0.129143 -1.00064 0.461365 0.129143 0.170708 -1.05966 -3.35579 -1.00064 -1.05966 8.88394 
1.37059 0.392799 0.467415 -3.34775 0.392799 0.135738 0.132137 -1.00949 0.467415 0.132137 0.174633 -1.06847 -3.34775 -1.00949 -1.06847 8.87015 
1.37331 0.397362 0.473999 -3.34138 0.397362 0.137653 0.135239 -1.01921 0.473999 0.135239 0.178726 -1.07854 -3.34138 -1.01921 -1.07854 8.85468 
1.3774 0.402267 0.480965 -3.33762 0.402267 0.139633 0.138378 -1.02979 0.480965 0.138378 0.182831 -1.08971 -3.33762 -1.02979 -1.08971 8.84061 
1.38275 0.407387 0.488136 -3.33704 0.407387 0.141602 0.141468 -1.04095 0.488136 0.141468 0.186874 -1.10181 -3.33704 -1.04095 -1.10181 8.83032 
1.38925 0.412575 0.495323 -3.33954 0.412575 0.143505 0.144424 -1.05252 0.495323 0.144424 0.190742 -1.11452 -3.33954 -1.05252 -1.11452 8.82513 
1.39648 0.417641 0.502312 -3.34488 0.417641 0.145279 0.147167 -1.06407 0.502312 0.147167 0.194336 -1.12746 -3.34488 -1.06407 -1.12746 8.82541 
1.40421 0.422478 0.508965 -3.35263 0.422478 0.146904 0.149677 -1.07545 0.508965 0.149677 0.197628 -1.1403 -3.35263 -1.07545 -1.1403 8.83102 
1.41206 0.427002 0.515129 -3.36212 0.427002 0.148354 0.151905 -1.08629 0.515129 0.151905 0.200554 -1.15269 -3.36212 -1.08629 -1.15269 8.84113 
1.41975 0.431084 0.520714 -3.37265 0.431084 0.149605 0.153839 -1.09642 0.520714 0.153839 0.203094 -1.16435 -3.37265 -1.09642 -1.16435 8.85474 
1.42705 0.434715 0.525665 -3.38354 0.434715 0.15065 0.155476 -1.10564 0.525665 0.155476 0.205265 -1.17506 -3.38354 -1.10564 -1.17506 8.87054 
1.43373 0.437866 0.529961 -3.39447 0.437866 0.151524 0.156845 -1.114 0.529961 0.156845 0.207069 -1.18474 -3.39447 -1.114 -1.18474 8.88788 
1.43974 0.440552 0.533638 -3.40497 0.440552 0.152222 0.157967 -1.12134 0.533638 0.157967 0.208557 -1.19339 -3.40497 -1.12134 -1.19339 8.90582 
1.44508 0.442825 0.536743 -3.41483 0.442825 0.152767 0.158844 -1.12778 0.536743 0.158844 0.20974 -1.20087 -3.41483 -1.12778 -1.20087 8.92322 
1.44968 0.444679 0.539307 -3.4238 0.444679 0.153183 0.159542 -1.1333 0.539307 0.159542 0.210686 -1.20738 -3.4238 -1.1333 -1.20738 8.94006 
1.45354 0.44619 0.541405 -3.43182 0.44619 0.153484 0.160084 -1.13799 0.541405 0.160084 0.211426 -1.21298 -3.43182 -1.13799 -1.21298 8.95575 
1.45685 0.447395 0.543076 -3.43893 0.447395 0.153702 0.160484 -1.14197 0.543076 0.160484 0.211967 -1.21767 -3.43893 -1.14197 -1.21767 8.97021 
1.45959 0.448364 0.544441 -3.44516 0.448364 0.153839 0.160759 -1.14526 0.544441 0.160759 0.212372 -1.22159 -3.44516 -1.14526 -1.22159 8.98322 
1.46184 0.449089 0.545486 -3.45047 0.449089 0.153919 0.16095 -1.14799 0.545486 0.16095 0.212669 -1.22487 -3.45047 -1.14799 -1.22487 8.99493 
1.4637 0.449661 0.546326 -3.45514 0.449661 0.153954 0.161072 -1.15025 0.546326 0.161072 0.212875 -1.22762 -3.45514 -1.15025 -1.22762 9.00531 
1.46523 0.450111 0.546967 -3.45911 0.450111 0.153984 0.161171 -1.15211 0.546967 0.161171 0.213028 -1.22989 -3.45911 -1.15211 -1.22989 9.01459 
1.46654 0.450455 0.547516 -3.46268 0.450455 0.153969 0.161232 -1.1537 0.547516 0.161232 0.21315 -1.23184 -3.46268 -1.1537 -1.23184 9.02307 
1.46762 0.450714 0.547913 -3.4657 0.450714 0.153954 0.161263 -1.15498 0.547913 0.161263 0.213234 -1.23344 -3.4657 -1.15498 -1.23344 9.03052 
1.46867 0.450974 0.54834 -3.46857 0.450974 0.153961 0.161308 -1.15614 0.54834 0.161308 0.213318 -1.23491 -3.46857 -1.15614 -1.23491 9.03754 
1.4697 0.451218 0.548721 -3.47131 0.451218 0.153946 0.161354 -1.15715 0.548721 0.161354 0.213417 -1.2363 -3.47131 -1.15715 -1.2363 9.04437 
1.4707 0.451477 0.549026 -3.47403 0.451477 0.153961 0.161392 -1.15811 0.549026 0.161392 0.213501 -1.23749 -3.47403 -1.15811 -1.23749 9.05103 
1.47183 0.451691 0.549454 -3.47678 0.451691 0.153976 0.161461 -1.15895 0.549454 0.161461 0.213646 -1.23877 -3.47678 -1.15895 -1.23877 9.05756 
1.47305 0.452011 0.549927 -3.47964 0.452011 0.154007 0.161552 -1.15985 0.549927 0.161552 0.213791 -1.24002 -3.47964 -1.15985 -1.24002 9.06458 
1.47458 0.452393 0.550491 -3.48285 0.452393 0.154106 0.161705 -1.1608 0.550491 0.161705 0.214035 -1.24142 -3.48285 -1.1608 -1.24142 9.0719 
1.47632 0.452881 0.551193 -3.48657 0.452881 0.154198 0.161873 -1.16183 0.551193 0.161873 0.214333 -1.24298 -3.48657 -1.16183 -1.24298 9.08044 
1.4783 0.45343 0.551926 -3.49078 0.45343 0.154335 0.162071 -1.16299 0.551926 0.162071 0.21463 -1.24466 -3.49078 -1.16299 -1.24466 9.08984 
1.48083 0.454163 0.552963 -3.49573 0.454163 0.154526 0.162369 -1.16437 0.552963 0.162369 0.215088 -1.2467 -3.49573 -1.16437 -1.2467 9.10071 
1.48389 0.455017 0.554184 -3.50177 0.455017 0.15477 0.162727 -1.16595 0.554184 0.162727 0.21563 -1.24915 -3.50177 -1.16595 -1.24915 9.1134 
1.48761 0.456085 0.555618 -3.50873 0.456085 0.155052 0.163139 -1.16779 0.555618 0.163139 0.21627 -1.25189 -3.50873 -1.16779 -1.25189 9.12823 
1.49188 0.457306 0.557358 -3.51685 0.457306 0.155403 0.163651 -1.16995 0.557358 0.163651 0.217033 -1.25516 -3.51685 -1.16995 -1.25516 9.14557 
1.49716 0.458832 0.559464 -3.52673 0.458832 0.15583 0.164276 -1.17258 0.559464 0.164276 0.217964 -1.259 -3.52673 -1.17258 -1.259 9.16614 
1.50336 0.460663 0.561966 -3.53827 0.460663 0.156364 0.165009 -1.17557 0.561966 0.165009 0.219048 -1.26343 -3.53827 -1.17557 -1.26343 9.19006 
1.51071 0.46283 0.564926 -3.55182 0.46283 0.156975 0.165878 -1.17911 0.564926 0.165878 0.22036 -1.26865 -3.55182 -1.17911 -1.26865 9.21851 
1.51962 0.465454 0.568497 -3.56812 0.465454 0.15773 0.166931 -1.18329 0.568497 0.166931 0.221924 -1.27481 -3.56812 -1.18329 -1.27481 9.25134 
1.52991 0.468475 0.572662 -3.58722 0.468475 0.158592 0.168159 -1.18823 0.572662 0.168159 0.223778 -1.28207 -3.58722 -1.18823 -1.28207 9.29065 
1.54208 0.472061 0.577499 -3.60944 0.472061 0.159599 0.169556 -1.19385 0.577499 0.169556 0.225883 -1.29028 -3.60944 -1.19385 -1.29028 9.33594 
1.55637 0.476273 0.583252 -3.63568 0.476273 0.160797 0.171227 -1.20044 0.583252 0.171227 0.228416 -1.29999 -3.63568 -1.20044 -1.29999 9.38867 
1.57309 0.481171 0.589935 -3.66608 0.481171 0.162193 0.173157 -1.20816 0.589935 0.173157 0.231384 -1.31122 -3.66608 -1.20816 -1.31122 9.45007 
1.59241 0.486816 0.597672 -3.70111 0.486816 0.163742 0.175362 -1.2168 0.597672 0.175362 0.234795 -1.32388 -3.70111 -1.2168 -1.32388 9.52026 
1.61465 0.493347 0.606552 -3.74164 0.493347 0.165588 0.17794 -1.22687 0.606552 0.17794 0.23877 -1.33862 -3.74164 -1.22687 -1.33862 9.6012 
1.64005 0.500793 0.616653 -3.78766 0.500793 0.167633 0.18084 -1.23822 0.616653 0.18084 0.243294 -1.35516 -3.78766 -1.23822 -1.35516 9.69287 
1.66882 0.509186 0.628159 -3.83972 0.509186 0.169975 0.184158 -1.25095 0.628159 0.184158 0.248497 -1.37384 -3.83972 -1.25095 -1.37384 9.79565 
1.7012 0.518646 0.641083 -3.89813 0.518646 0.172569 0.187851 -1.26514 0.641083 0.187851 0.254356 -1.39471 -3.89813 -1.26514 -1.39471 9.91052 
1.73715 0.529144 0.655426 -3.96289 0.529144 0.175446 0.191978 -1.28079 0.655426 0.191978 0.260971 -1.41785 -3.96289 -1.28079 -1.41785 10.0376 
1.77673 0.540665 0.671234 -4.03406 0.540665 0.178612 0.196541 -1.29791 0.671234 0.196541 0.268295 -1.44324 -4.03406 -1.29791 -1.44324 10.1758 
1.81961 0.553207 0.688446 -4.11115 0.553207 0.182091 0.201546 -1.31641 0.688446 0.201546 0.276352 -1.47083 -4.11115 -1.31641 -1.47083 10.325 
1.86554 0.566635 0.706818 -4.19348 0.566635 0.185753 0.206902 -1.336 0.706818 0.206902 0.285049 -1.50037 -4.19348 -1.336 -1.50037 10.4833 
1.91409 0.580826 0.726364 -4.28046 0.580826 0.189659 0.212639 -1.35672 0.726364 0.212639 0.294373 -1.53171 -4.28046 -1.35672 -1.53171 10.6494 
1.96466 0.595581 0.746643 -4.37073 0.595581 0.193726 0.21862 -1.37811 0.746643 0.21862 0.304062 -1.56445 -4.37073 -1.37811 -1.56445 10.8209 
2.01624 0.610718 0.767563 -4.46307 0.610718 0.197929 0.224838 -1.40009 0.767563 0.224838 0.314163 -1.59833 -4.46307 -1.40009 -1.59833 10.9955 
2.0683 0.626038 0.788651 -4.55591 0.626038 0.202202 0.231171 -1.42221 0.788651 0.231171 0.324371 -1.63269 -4.55591 -1.42221 -1.63269 11.1702 
2.12006 0.641266 0.809647 -4.64807 0.641266 0.206451 0.237503 -1.44415 0.809647 0.237503 0.334534 -1.66721 -4.64807 -1.44415 -1.66721 11.3423 
2.17062 0.656219 0.830322 -4.73822 0.656219 0.210724 0.243835 -1.46588 0.830322 0.243835 0.344543 -1.70132 -4.73822 -1.46588 -1.70132 11.51 
2.21921 0.670639 0.85022 -4.82471 0.670639 0.214828 0.249924 -1.48672 0.85022 0.249924 0.354126 -1.73456 -4.82471 -1.48672 -1.73456 11.6705 
2.26538 0.684387 0.869171 -4.90698 0.684387 0.218811 0.255814 -1.50681 0.869171 0.255814 0.36322 -1.76651 -4.90698 -1.50681 -1.76651 11.8226 
2.30862 0.697418 0.887024 -4.98407 0.697418 0.222641 0.261414 -1.52591 0.887024 0.261414 0.371735 -1.79697 -4.98407 -1.52591 -1.79697 11.9647 
2.34882 0.709595 0.903656 -5.05573 0.709595 0.226227 0.266663 -1.54376 0.903656 0.266663 0.379578 -1.82559 -5.05573 -1.54376 -1.82559 12.0964 
2.38583 0.720886 0.919037 -5.12164 0.720886 0.229706 0.271576 -1.56058 0.919037 0.271576 0.386749 -1.85226 -5.12164 -1.56058 -1.85226 12.2173 
2.41925 0.731323 0.933075 -5.18164 0.731323 0.232925 0.276123 -1.57617 0.933075 0.276123 0.393173 -1.87692 -5.18164 -1.57617 -1.87692 12.3276 
2.44989 0.740875 0.945892 -5.23615 0.740875 0.235962 0.280334 -1.59061 0.945892 0.280334 0.398987 -1.89948 -5.23615 -1.59061 -1.89948 12.4271 
2.47711 0.749573 0.957397 -5.28516 0.749573 0.238846 0.284164 -1.60413 0.957397 0.284164 0.40416 -1.92029 -5.28516 -1.60413 -1.92029 12.5177 
2.50195 0.757721 0.967987 -5.32971 0.757721 0.241592 0.287766 -1.6167 0.967987 0.287766 0.408829 -1.93933 -5.32971 -1.6167 -1.93933 12.5994 
2.52441 0.765198 0.977539 -5.37024 0.765198 0.244217 0.291107 -1.6286 0.977539 0.291107 0.412994 -1.95691 -5.37024 -1.6286 -1.95691 12.6741 
2.54462 0.772125 0.986328 -5.40674 0.772125 0.246765 0.294235 -1.63983 0.986328 0.294235 0.416748 -1.97296 -5.40674 -1.63983 -1.97296 12.7415 
2.56329 0.77887 0.994354 -5.44061 0.77887 0.249329 0.297211 -1.65076 0.994354 0.297211 0.420151 -1.98792 -5.44061 -1.65076 -1.98792 12.8043 
2.58008 0.785095 1.00186 -5.47144 0.785095 0.251816 0.300064 -1.66119 1.00186 0.300064 0.42334 -2.00183 -5.47144 -1.66119 -2.00183 12.8617 
2.59613 0.791107 1.00894 -5.50073 0.791107 0.254349 0.302872 -1.67163 1.00894 0.302872 0.426376 -2.0152 -5.50073 -1.67163 -2.0152 12.9166 
2.61127 0.797211 1.01578 -5.52869 0.797211 0.256943 0.305664 -1.68219 1.01578 0.305664 0.429245 -2.02808 -5.52869 -1.68219 -2.02808 12.9689 
2.62604 0.803284 1.02243 -5.55579 0.803284 0.259659 0.308487 -1.69281 1.02243 0.308487 0.432083 -2.04065 -5.55579 -1.69281 -2.04065 13.02 
2.64014 0.809387 1.02896 -5.58228 0.809387 0.262482 0.31134 -1.70374 1.02896 0.31134 0.434891 -2.05322 -5.58228 -1.70374 -2.05322 13.0701 
2.65424 0.815643 1.03546 -5.60889 0.815643 0.265442 0.31427 -1.71509 1.03546 0.31427 0.437714 -2.06561 -5.60889 -1.71509 -2.06561 13.1202 
2.6687 0.822266 1.04224 -5.63586 0.822266 0.268646 0.317413 -1.72717 1.04224 0.317413 0.440704 -2.07861 -5.63586 -1.72717 -2.07861 13.1719 
2.68329 0.829102 1.0491 -5.66345 0.829102 0.272064 0.320663 -1.73987 1.0491 0.320663 0.443771 -2.09186 -5.66345 -1.73987 -2.09186 13.2249 
