6  10
0.151478  0.027124  0.0980471  0.0918815  0.113631  0.111708  0.124361  0.0804662  0.0965098  0.104792  
2.37403  0.334868  -0.697394  0.0760034  -0.04262  2.5224  
5.2786  -0.303241  2.12515  0.104681  0.0333406  3.60277  
7.54385  -2.67684  -7.15921  0.589138  -0.0564839  8.89823  
9.38792  -4.18782  -24.0711  0.874011  0.0265836  24.8264  
13.1101  -8.51237  -36.3257  2.32153  -0.186342  37.6376  
16.6236  -11.2277  -44.1901  3.20356  -0.201069  45.9409  
20.4228  -11.1571  -28.0979  1.11311  -0.282693  30.5513  
23.9031  -5.81057  -11.742  0.046126  -0.129719  14.4813  
26.3022  -7.3175  18.6739  -0.533755  0.0384036  21.4716  
28.8346  -1.89306  10.3966  -0.243579  -0.10955  12.0747  
2.05754  0.422272  -0.392915  0.0907241  -0.0447227  0.948615  
0.422272  1.13528  -1.70154  0.0977379  -0.0145357  0.762262  
-0.392915  -1.70154  9.4458  -0.284389  -0.0626873  -4.82698  
0.0907241  0.0977379  -0.284389  0.0191681  -0.00350289  0.215445  
-0.0447227  -0.0145357  -0.0626873  -0.00350289  0.00457474  -0.0168374  
0.948615  0.762262  -4.82698  0.215445  -0.0168374  4.84859  
1.21398  -0.622131  2.49728  0.169349  0.0836726  1.66907  
-0.622131  0.711161  -0.627918  -0.0650082  -0.0388729  -0.428771  
2.49728  -0.627918  15.4345  0.394706  0.203934  9.53749  
0.169349  -0.0650082  0.394706  0.0288694  0.0113222  0.218846  
0.0836726  -0.0388729  0.203934  0.0113222  0.00659761  0.15661  
1.66907  -0.428771  9.53749  0.218846  0.15661  7.82245  
3.07064  -5.68819  -1.45737  0.132956  -0.19354  3.43232  
-5.68819  12.2495  -1.33755  -0.0504434  0.36195  -3.34047  
-1.45737  -1.33755  26.5264  -0.783841  -0.153635  -19.9211  
0.132956  -0.0504434  -0.783841  0.0356779  -0.00632171  0.644123  
-0.19354  0.36195  -0.153635  -0.00632171  0.0291613  0.0289722  
3.43232  -3.34047  -19.9211  0.644123  0.0289722  18.433  
2.27667  -0.936425  -10.8017  0.643036  -0.197103  11.0065  
-0.936425  20.3979  3.30455  1.27932  0.0785249  -6.49393  
-10.8017  3.30455  55.178  -3.36196  0.934078  -55.9576  
0.643036  1.27932  -3.36196  0.334382  -0.0515876  3.17888  
-0.197103  0.0785249  0.934078  -0.0515876  0.0270672  -0.948872  
11.0065  -6.49393  -55.9576  3.17888  -0.948872  57.3052  
1.35433  0.0102216  -7.42221  0.85428  -0.0417609  7.34226  
0.0102216  18.8211  3.78527  1.35899  -0.342746  -7.046  
-7.42221  3.78527  80.7373  -4.39764  -0.118317  -80.594  
0.85428  1.35899  -4.39764  0.653456  -0.0608321  4.08796  
-0.0417609  -0.342746  -0.118317  -0.0608321  0.0199381  0.199763  
7.34226  -7.046  -80.594  4.08796  0.199763  81.0865  
1.10963  0.108789  -0.542033  -0.0150744  -0.0412474  0.485771  
0.108789  16.9836  -5.87956  1.03683  -0.322926  2.45176  
-0.542033  -5.87956  54.6036  -0.86606  0.465579  -52.0472  
-0.0150744  1.03683  -0.86606  0.0828986  -0.0319379  0.624247  
-0.0412474  -0.322926  0.465579  -0.0319379  0.0209231  -0.376387  
0.485771  2.45176  -52.0472  0.624247  -0.376387  50.2554  
1.63045  2.99809  10.0861  -0.633487  -0.0179149  -10.4498  
2.99809  17.7789  16.1495  -0.464114  -0.216822  -21.3341  
10.0861  16.1495  91.5855  -4.25243  -0.159734  -90.5803  
-0.633487  -0.464114  -4.25243  0.334441  -0.025883  4.09914  
-0.0179149  -0.216822  -0.159734  -0.025883  0.0307986  0.249414  
-10.4498  -21.3341  -90.5803  4.09914  0.249414  91.6414  
2.51029  6.92697  8.64722  -0.171049  0.0423923  -10.4924  
6.92697  37.0679  7.47596  0.321517  -0.0456088  -22.5301  
8.64722  7.47596  48.5303  -1.52855  0.355371  -43.8828  
-0.171049  0.321517  -1.52855  0.0696034  -0.015022  1.04746  
0.0423923  -0.0456088  0.355371  -0.015022  0.00415974  -0.259037  
-10.4924  -22.5301  -43.8828  1.04746  -0.259037  47.6206  
4.21432  2.85413  15.915  -0.256542  0.228369  12.2746  
2.85413  21.5283  10.0398  1.67633  -0.228163  -2.13789  
15.915  10.0398  104.446  -1.77248  1.4934  79.8311  
-0.256542  1.67633  -1.77248  0.212162  -0.0594763  -2.27259  
0.228369  -0.228163  1.4934  -0.0594763  0.0400886  1.40131  
12.2746  -2.13789  79.8311  -2.27259  1.40131  67.7454  
1.79334  1.08424  -3.103  0.113451  0.0209741  -2.44553  
1.08424  18.6465  -23.912  1.28764  -0.373482  -23.9088  
-3.103  -23.912  85.5192  -1.6378  -0.586347  74.5231  
0.113451  1.28764  -1.6378  0.146557  -0.060536  -1.50092  
0.0209741  -0.373482  -0.586347  -0.060536  0.0504822  -0.469663  
-2.44553  -23.9088  74.5231  -1.50092  -0.469663  70.3081  
