1.07462 -1.62908 0.0797829 -0.00443921 0.565766 -1.62908 9.3769 -0.267293 -0.0715027 -4.64738 0.0797829 -0.267293 0.0151908 -0.00150476 0.173654 -0.00443921 -0.0715027 -0.00150476 0.00363946 0.00376817 0.565766 -4.64738 0.173654 0.00376817 4.41369 
1.07589 -1.62961 0.0798201 -0.00439163 0.565733 -1.62961 9.37738 -0.267306 -0.0715189 -4.64746 0.0798201 -0.267306 0.0151926 -0.00150296 0.17366 -0.00439163 -0.0715189 -0.00150296 0.00364167 0.00377182 0.565733 -4.64746 0.17366 0.00377182 4.41386 
1.07722 -1.63017 0.0798596 -0.00434133 0.565701 -1.63017 9.37791 -0.267318 -0.071536 -4.64754 0.0798596 -0.267318 0.0151946 -0.00150103 0.173668 -0.00434133 -0.071536 -0.00150103 0.00364403 0.00377606 0.565701 -4.64754 0.173668 0.00377606 4.41405 
1.07863 -1.63078 0.0799014 -0.00428816 0.56567 -1.63078 9.37849 -0.267331 -0.0715541 -4.64763 0.0799014 -0.267331 0.0151968 -0.00149894 0.173677 -0.00428816 -0.0715541 -0.00149894 0.00364656 0.00378097 0.56567 -4.64763 0.173677 0.00378097 4.41426 
1.08011 -1.63142 0.0799457 -0.00423193 0.565641 -1.63142 9.37912 -0.267344 -0.0715733 -4.64771 0.0799457 -0.267344 0.0151992 -0.00149667 0.173687 -0.00423193 -0.0715733 -0.00149667 0.00364926 0.00378663 0.565641 -4.64771 0.173687 0.00378663 4.41448 
1.08168 -1.63212 0.0799927 -0.00417247 0.565614 -1.63212 9.3798 -0.267358 -0.0715935 -4.6478 0.0799927 -0.267358 0.0152019 -0.00149422 0.173698 -0.00417247 -0.0715935 -0.00149422 0.00365215 0.00379312 0.565614 -4.6478 0.173698 0.00379312 4.41473 
1.08333 -1.63286 0.0800425 -0.00410957 0.565588 -1.63286 9.38054 -0.267372 -0.0716149 -4.64789 0.0800425 -0.267372 0.0152048 -0.00149157 0.17371 -0.00410957 -0.0716149 -0.00149157 0.00365525 0.00380056 0.565588 -4.64789 0.17371 0.00380056 4.415 
1.08507 -1.63366 0.0800953 -0.00404303 0.565565 -1.63366 9.38136 -0.267387 -0.0716376 -4.64798 0.0800953 -0.267387 0.015208 -0.0014887 0.173725 -0.00404303 -0.0716376 -0.0014887 0.00365856 0.00380904 0.565565 -4.64798 0.173725 0.00380904 4.41529 
1.08691 -1.63451 0.0801513 -0.00397263 0.565545 -1.63451 9.38224 -0.267401 -0.0716615 -4.64807 0.0801513 -0.267401 0.0152115 -0.00148559 0.173741 -0.00397263 -0.0716615 -0.00148559 0.00366212 0.00381869 0.565545 -4.64807 0.173741 0.00381869 4.41561 
1.08885 -1.63543 0.0802107 -0.00389813 0.565528 -1.63543 9.38321 -0.267416 -0.0716868 -4.64815 0.0802107 -0.267416 0.0152153 -0.00148222 0.173759 -0.00389813 -0.0716868 -0.00148222 0.00366592 0.00382965 0.565528 -4.64815 0.173759 0.00382965 4.41596 
1.0909 -1.63642 0.0802736 -0.00381927 0.565515 -1.63642 9.38426 -0.267431 -0.0717136 -4.64824 0.0802736 -0.267431 0.0152196 -0.00147856 0.173779 -0.00381927 -0.0717136 -0.00147856 0.00367001 0.00384206 0.565515 -4.64824 0.173779 0.00384206 4.41635 
1.09306 -1.63747 0.0803403 -0.0037358 0.565505 -1.63747 9.38542 -0.267447 -0.0717418 -4.64831 0.0803403 -0.267447 0.0152242 -0.00147459 0.173802 -0.0037358 -0.0717418 -0.00147459 0.00367439 0.00385609 0.565505 -4.64831 0.173802 0.00385609 4.41677 
1.09534 -1.63861 0.0804111 -0.00364741 0.565501 -1.63861 9.38667 -0.267462 -0.0717717 -4.64839 0.0804111 -0.267462 0.0152294 -0.00147028 0.173828 -0.00364741 -0.0717717 -0.00147028 0.00367908 0.00387191 0.565501 -4.64839 0.173828 0.00387191 4.41723 
1.09775 -1.63982 0.0804862 -0.00355382 0.565502 -1.63982 9.38804 -0.267477 -0.0718033 -4.64845 0.0804862 -0.267477 0.015235 -0.0014656 0.173857 -0.00355382 -0.0718033 -0.0014656 0.00368412 0.00388973 0.565502 -4.64845 0.173857 0.00388973 4.41774 
1.1003 -1.64113 0.0805657 -0.00345469 0.565509 -1.64113 9.38953 -0.267491 -0.0718368 -4.64851 0.0805657 -0.267491 0.0152413 -0.00146052 0.173889 -0.00345469 -0.0718368 -0.00146052 0.00368953 0.00390976 0.565509 -4.64851 0.173889 0.00390976 4.41829 
1.10298 -1.64253 0.0806502 -0.00334967 0.565522 -1.64253 9.39116 -0.267506 -0.0718722 -4.64855 0.0806502 -0.267506 0.0152481 -0.001455 0.173926 -0.00334967 -0.0718722 -0.001455 0.00369533 0.00393223 0.565522 -4.64855 0.173926 0.00393223 4.4189 
1.10582 -1.64403 0.0807397 -0.00323839 0.565544 -1.64403 9.39294 -0.26752 -0.0719097 -4.64858 0.0807397 -0.26752 0.0152557 -0.001449 0.173966 -0.00323839 -0.0719097 -0.001449 0.00370157 0.00395741 0.565544 -4.64858 0.173966 0.00395741 4.41957 
1.10881 -1.64565 0.0808347 -0.00312046 0.565575 -1.64565 9.39488 -0.267533 -0.0719495 -4.6486 0.0808347 -0.267533 0.015264 -0.00144249 0.174012 -0.00312046 -0.0719495 -0.00144249 0.00370826 0.00398557 0.565575 -4.6486 0.174012 0.00398557 4.42031 
1.11197 -1.64738 0.0809355 -0.00299544 0.565615 -1.64738 9.39699 -0.267545 -0.0719916 -4.6486 0.0809355 -0.267545 0.0152732 -0.00143541 0.174063 -0.00299544 -0.0719916 -0.00143541 0.00371544 0.00401703 0.565615 -4.6486 0.174063 0.00401703 4.42112 
1.11531 -1.64924 0.0810425 -0.0028629 0.565668 -1.64924 9.39929 -0.267557 -0.0720364 -4.64857 0.0810425 -0.267557 0.0152833 -0.00142772 0.17412 -0.0028629 -0.0720364 -0.00142772 0.00372316 0.00405214 0.565668 -4.64857 0.17412 0.00405214 4.422 
1.11884 -1.65124 0.081156 -0.00272234 0.565733 -1.65124 9.4018 -0.267567 -0.0720839 -4.64852 0.081156 -0.267567 0.0152944 -0.00141935 0.174183 -0.00272234 -0.0720839 -0.00141935 0.00373145 0.00409124 0.565733 -4.64852 0.174183 0.00409124 4.42298 
1.12256 -1.65338 0.0812766 -0.00257323 0.565813 -1.65338 9.40453 -0.267576 -0.0721345 -4.64844 0.0812766 -0.267576 0.0153067 -0.00141027 0.174254 -0.00257323 -0.0721345 -0.00141027 0.00374035 0.00413474 0.565813 -4.64844 0.174254 0.00413474 4.42405 
1.1265 -1.65568 0.0814046 -0.00241503 0.565909 -1.65568 9.40751 -0.267583 -0.0721884 -4.64833 0.0814046 -0.267583 0.0153203 -0.0014004 0.174333 -0.00241503 -0.0721884 -0.0014004 0.00374991 0.00418307 0.565909 -4.64833 0.174333 0.00418307 4.42523 
1.13065 -1.65815 0.0815405 -0.00224713 0.566024 -1.65815 9.41075 -0.267588 -0.072246 -4.64818 0.0815405 -0.267588 0.0153352 -0.00138967 0.17442 -0.00224713 -0.072246 -0.00138967 0.00376018 0.00423671 0.566024 -4.64818 0.17442 0.00423671 4.42653 
1.13503 -1.66079 0.081685 -0.0020689 0.566161 -1.66079 9.41428 -0.267592 -0.0723074 -4.64799 0.081685 -0.267592 0.0153516 -0.00137802 0.174518 -0.0020689 -0.0723074 -0.00137802 0.00377121 0.00429616 0.566161 -4.64799 0.174518 0.00429616 4.42795 
1.13966 -1.66363 0.0818386 -0.00187964 0.566322 -1.66363 9.41811 -0.267593 -0.0723732 -4.64774 0.0818386 -0.267593 0.0153697 -0.00136537 0.174626 -0.00187964 -0.0723732 -0.00136537 0.00378305 0.00436195 0.566322 -4.64774 0.174626 0.00436195 4.42952 
1.14454 -1.66667 0.0820018 -0.00167862 0.566511 -1.66667 9.42228 -0.267592 -0.0724437 -4.64745 0.0820018 -0.267592 0.0153896 -0.00135163 0.174746 -0.00167862 -0.0724437 -0.00135163 0.00379576 0.00443469 0.566511 -4.64745 0.174746 0.00443469 4.43124 
1.1497 -1.66993 0.0821755 -0.00146504 0.566731 -1.66993 9.42681 -0.267588 -0.0725196 -4.64709 0.0821755 -0.267588 0.0154115 -0.00133672 0.174879 -0.00146504 -0.0725196 -0.00133672 0.00380941 0.00451504 0.566731 -4.64709 0.174879 0.00451504 4.43313 
1.15514 -1.67342 0.0823603 -0.00123806 0.566987 -1.67342 9.43173 -0.267581 -0.0726012 -4.64667 0.0823603 -0.267581 0.0154356 -0.00132055 0.175026 -0.00123806 -0.0726012 -0.00132055 0.00382406 0.00460362 0.566987 -4.64667 0.175026 0.00460362 4.43521 
1.16088 -1.67716 0.0825571 -0.000996757 0.567282 -1.67716 9.43707 -0.267571 -0.0726893 -4.64617 0.0825571 -0.267571 0.0154622 -0.00130301 0.175189 -0.000996757 -0.0726893 -0.00130301 0.00383978 0.00470122 0.567282 -4.64617 0.175189 0.00470122 4.43749 
1.16693 -1.68117 0.0827667 -0.000740151 0.567624 -1.68117 9.44287 -0.267559 -0.0727846 -4.64559 0.0827667 -0.267559 0.0154913 -0.001284 0.17537 -0.000740151 -0.0727846 -0.001284 0.00385664 0.00480862 0.567624 -4.64559 0.17537 0.00480862 4.44 
1.17332 -1.68545 0.0829901 -0.000467197 0.568017 -1.68545 9.44915 -0.267543 -0.072888 -4.64492 0.0829901 -0.267543 0.0155233 -0.0012634 0.175568 -0.000467196 -0.072888 -0.0012634 0.00387473 0.00492666 0.568017 -4.64492 0.175568 0.00492666 4.44275 
1.18005 -1.69004 0.0832284 -0.000176754 0.56847 -1.69004 9.45596 -0.267524 -0.0730002 -4.64415 0.0832284 -0.267524 0.0155585 -0.0012411 0.175788 -0.000176754 -0.0730002 -0.0012411 0.00389412 0.00505623 0.56847 -4.64415 0.175788 0.00505623 4.44576 
1.18714 -1.69494 0.0834827 0.000132384 0.568989 -1.69494 9.46333 -0.267502 -0.0731225 -4.64328 0.0834827 -0.267502 0.0155971 -0.00121697 0.176029 0.000132384 -0.0731225 -0.00121697 0.00391492 0.00519831 0.568989 -4.64328 0.176029 0.00519831 4.44907 
1.19462 -1.70018 0.0837543 0.000461522 0.569584 -1.70018 9.47131 -0.267477 -0.0732559 -4.64229 0.0837543 -0.267477 0.0156394 -0.00119087 0.176295 0.000461522 -0.0732559 -0.00119087 0.00393719 0.0053539 0.569584 -4.64229 0.176295 0.0053539 4.4527 
1.20249 -1.70577 0.0840445 0.000812056 0.570265 -1.70577 9.47995 -0.267449 -0.0734019 -4.64118 0.0840445 -0.267449 0.0156858 -0.00116266 0.176587 0.000812056 -0.0734019 -0.00116266 0.00396106 0.00552415 0.570265 -4.64118 0.176587 0.00552415 4.45668 
1.21078 -1.71174 0.084355 0.00118547 0.571044 -1.71174 9.48928 -0.26742 -0.0735618 -4.63994 0.084355 -0.26742 0.0157367 -0.00113221 0.176908 0.00118548 -0.0735618 -0.00113221 0.00398661 0.00571017 0.571044 -4.63994 0.176908 0.00571017 4.46104 
1.2195 -1.71811 0.0846873 0.00158338 0.571932 -1.71811 9.49935 -0.267389 -0.0737375 -4.63855 0.0846873 -0.267389 0.0157923 -0.00109934 0.17726 0.00158338 -0.0737375 -0.00109934 0.00401397 0.00591317 0.571932 -4.63855 0.17726 0.00591317 4.46581 
1.22867 -1.72491 0.0850434 0.00200749 0.572946 -1.72491 9.51024 -0.267357 -0.0739309 -4.63702 0.0850434 -0.267357 0.0158532 -0.0010639 0.177646 0.00200749 -0.0739309 -0.0010639 0.00404324 0.00613452 0.572946 -4.63702 0.177646 0.00613452 4.47104 
1.23831 -1.73214 0.0854252 0.00245962 0.574101 -1.73214 9.52198 -0.267326 -0.0741439 -4.63533 0.0854252 -0.267326 0.0159197 -0.00102573 0.178068 0.00245962 -0.0741439 -0.00102573 0.00407454 0.00637554 0.574101 -4.63533 0.178068 0.00637554 4.47675 
1.24844 -1.73985 0.085835 0.00294172 0.575416 -1.73985 9.53464 -0.267298 -0.0743791 -4.63347 0.085835 -0.267298 0.0159924 -0.000984647 0.17853 0.00294172 -0.0743791 -0.000984647 0.00410801 0.00663771 0.575416 -4.63347 0.17853 0.00663771 4.483 
1.25907 -1.74804 0.0862751 0.00345586 0.576911 -1.74804 9.54829 -0.267273 -0.074639 -4.63145 0.0862751 -0.267273 0.0160717 -0.000940471 0.179033 0.00345586 -0.074639 -0.000940471 0.00414377 0.00692254 0.576911 -4.63145 0.179033 0.00692254 4.48982 
1.27023 -1.75676 0.0867484 0.00400423 0.57861 -1.75676 9.56299 -0.267255 -0.0749266 -4.62925 0.0867484 -0.267255 0.0161582 -0.00089302 0.179583 0.00400423 -0.0749266 -0.00089302 0.00418197 0.00723168 0.57861 -4.62925 0.179583 0.00723168 4.49728 
1.28192 -1.76602 0.0872576 0.00458916 0.580539 -1.76602 9.57881 -0.267245 -0.0752452 -4.62687 0.0872576 -0.267245 0.0162524 -0.000842102 0.180181 0.00458916 -0.0752452 -0.000842102 0.00422276 0.00756675 0.580539 -4.62687 0.180181 0.00756675 4.50541 
1.29417 -1.77584 0.0878061 0.0052131 0.582725 -1.77584 9.59583 -0.267247 -0.0755982 -4.6243 0.0878061 -0.267247 0.0163549 -0.000787524 0.180833 0.0052131 -0.0755982 -0.000787524 0.0042663 0.0079296 0.582725 -4.6243 0.180833 0.0079296 4.51429 
1.307 -1.78627 0.0883974 0.00587862 0.585203 -1.78627 9.61414 -0.267266 -0.0759898 -4.62156 0.0883974 -0.267266 0.0164664 -0.000729088 0.18154 0.00587862 -0.0759898 -0.000729088 0.00431274 0.0083221 0.585203 -4.62156 0.18154 0.0083221 4.52396 
1.3204 -1.79731 0.0890354 0.00658845 0.588007 -1.79731 9.63382 -0.267305 -0.0764241 -4.61864 0.0890354 -0.267305 0.0165876 -0.000666595 0.182308 0.00658845 -0.0764241 -0.000666595 0.00436227 0.00874614 0.588007 -4.61864 0.182308 0.00874614 4.53449 
1.33441 -1.80901 0.0897243 0.0073454 0.591177 -1.80901 9.65496 -0.26737 -0.0769059 -4.61555 0.0897243 -0.26737 0.016719 -0.000599845 0.18314 0.0073454 -0.0769059 -0.000599845 0.00441506 0.00920384 0.591177 -4.61555 0.18314 0.00920384 4.54595 
1.34903 -1.82138 0.0904687 0.00815239 0.594757 -1.82138 9.67768 -0.267467 -0.0774405 -4.6123 0.0904687 -0.267467 0.0168615 -0.000528638 0.184041 0.00815239 -0.0774405 -0.000528638 0.00447131 0.00969727 0.594757 -4.6123 0.184041 0.00969727 4.55843 
1.36426 -1.83446 0.0912738 0.00901244 0.598795 -1.83446 9.70208 -0.267604 -0.0780333 -4.6089 0.0912738 -0.267604 0.0170158 -0.000452777 0.185015 0.00901244 -0.0780333 -0.000452777 0.00453123 0.0102287 0.598795 -4.6089 0.185015 0.0102287 4.57198 
1.38011 -1.84828 0.0921449 0.00992865 0.603344 -1.84828 9.72828 -0.267788 -0.0786904 -4.60539 0.0921449 -0.267788 0.0171828 -0.000372062 0.186066 0.00992865 -0.0786904 -0.000372062 0.00459502 0.0108005 0.603344 -4.60539 0.186066 0.0108005 4.5867 
1.39659 -1.86286 0.0930882 0.0109041 0.608463 -1.86286 9.75641 -0.268031 -0.0794185 -4.60177 0.0930882 -0.268031 0.0173631 -0.000286309 0.187198 0.0109041 -0.0794185 -0.000286309 0.00466292 0.0114151 0.608463 -4.60177 0.187198 0.0114151 4.60267 
1.4137 -1.87823 0.0941099 0.0119421 0.614216 -1.87823 9.78661 -0.268341 -0.0802242 -4.5981 0.0941099 -0.268341 0.0175578 -0.000195329 0.188418 0.0119421 -0.0802242 -0.000195329 0.00473518 0.0120751 0.614216 -4.5981 0.188418 0.0120751 4.61999 
1.43144 -1.89442 0.0952171 0.0130456 0.620672 -1.89442 9.81904 -0.268733 -0.0811152 -4.59441 0.0952171 -0.268733 0.0177676 -9.89479e-05 0.189729 0.0130456 -0.0811152 -9.89479e-05 0.00481204 0.0127832 0.620672 -4.59441 0.189729 0.0127832 4.63876 
1.44979 -1.91147 0.0964172 0.0142177 0.627906 -1.91147 9.85386 -0.26922 -0.0820993 -4.59074 0.0964172 -0.26922 0.0179934 2.99793e-06 0.191136 0.0142177 -0.0820993 2.99793e-06 0.00489378 0.0135422 0.627906 -4.59074 0.191136 0.0135422 4.65908 
1.46874 -1.92939 0.0977183 0.0154613 0.636 -1.92939 9.89127 -0.269818 -0.0831846 -4.58718 0.0977183 -0.269818 0.0182362 0.000110657 0.192644 0.0154613 -0.0831846 0.000110658 0.00498069 0.0143552 0.636 -4.58718 0.192644 0.0143552 4.68106 
1.48828 -1.94822 0.0991288 0.0167792 0.645041 -1.94822 9.93146 -0.270544 -0.0843797 -4.58379 0.0991288 -0.270544 0.0184969 0.000224171 0.194258 0.0167792 -0.0843797 0.000224171 0.00507308 0.0152251 0.645041 -4.58379 0.194258 0.0152251 4.70481 
1.50838 -1.968 0.100658 0.0181738 0.655123 -1.968 9.97468 -0.271419 -0.0856936 -4.58064 0.100658 -0.271419 0.0187763 0.00034366 0.195982 0.0181738 -0.0856936 0.00034366 0.00517127 0.0161554 0.655123 -4.58064 0.195982 0.0161554 4.73046 
1.52902 -1.98875 0.102315 0.0196471 0.666345 -1.98875 10.0212 -0.272464 -0.0871355 -4.57786 0.102315 -0.272464 0.0190755 0.000469225 0.197822 0.0196471 -0.0871355 0.000469225 0.00527561 0.0171496 0.666345 -4.57786 0.197822 0.0171496 4.75814 
1.55016 -2.01052 0.104111 0.0212007 0.678813 -2.01052 10.0712 -0.273703 -0.0887144 -4.57555 0.104111 -0.273703 0.0193953 0.000600943 0.199782 0.0212007 -0.0887144 0.000600943 0.00538648 0.0182115 0.678813 -4.57555 0.199782 0.0182115 4.78798 
1.57175 -2.03333 0.106055 0.0228356 0.692635 -2.03333 10.1251 -0.275163 -0.0904398 -4.57383 0.106055 -0.275163 0.0197367 0.000738873 0.201867 0.0228356 -0.0904398 0.000738873 0.00550425 0.0193449 0.692635 -4.57383 0.201867 0.0193449 4.82011 
1.59376 -2.05722 0.108158 0.024552 0.707929 -2.05722 10.1832 -0.276872 -0.0923207 -4.57287 0.108158 -0.276872 0.0201004 0.000883045 0.204081 0.024552 -0.0923207 0.000883045 0.00562934 0.020554 0.707929 -4.57287 0.204081 0.020554 4.85468 
1.61611 -2.08223 0.110431 0.0263492 0.724811 -2.08223 10.246 -0.278861 -0.0943661 -4.57283 0.110431 -0.278861 0.0204875 0.00103347 0.206428 0.0263492 -0.0943661 0.00103347 0.00576218 0.0218436 0.724811 -4.57283 0.206428 0.0218436 4.89185 
1.63877 -2.10842 0.112886 0.0282256 0.743404 -2.10842 10.3137 -0.281164 -0.0965844 -4.5739 0.112886 -0.281164 0.0208986 0.00119011 0.208914 0.0282256 -0.0965844 0.00119011 0.00590321 0.0232183 0.743404 -4.5739 0.208914 0.0232183 4.93177 
1.66164 -2.13582 0.115533 0.0301783 0.763827 -2.13582 10.387 -0.283816 -0.0989834 -4.57627 0.115533 -0.283816 0.0213346 0.00135293 0.211541 0.0301783 -0.0989834 0.00135293 0.00605291 0.0246833 0.763827 -4.57627 0.211541 0.0246833 4.9746 
1.68465 -2.1645 0.118383 0.0322029 0.786203 -2.1645 10.4663 -0.286855 -0.10157 -4.5802 0.118383 -0.286855 0.0217961 0.00152184 0.214314 0.0322029 -0.10157 0.00152184 0.00621174 0.0262442 0.786203 -4.5802 0.214314 0.0262442 5.02051 
1.70773 -2.19451 0.121447 0.0342934 0.81065 -2.19451 10.5523 -0.290321 -0.10435 -4.58591 0.121447 -0.290321 0.0222838 0.00169671 0.217236 0.0342934 -0.10435 0.00169671 0.0063802 0.0279068 0.81065 -4.58591 0.217236 0.0279068 5.06966 
1.73079 -2.22592 0.124734 0.0364424 0.837279 -2.22592 10.6456 -0.294255 -0.107328 -4.5937 0.124734 -0.294255 0.0227982 0.00187739 0.220311 0.0364424 -0.107328 0.00187739 0.00655877 0.0296774 0.837279 -4.5937 0.220311 0.0296774 5.12225 
1.75372 -2.2588 0.128252 0.0386401 0.866195 -2.2588 10.7469 -0.2987 -0.110507 -4.60384 0.128252 -0.2987 0.0233399 0.00206369 0.223543 0.0386401 -0.110507 0.00206369 0.00674791 0.0315626 0.866195 -4.60384 0.223543 0.0315626 5.17844 
1.77644 -2.29323 0.13201 0.0408748 0.89749 -2.29323 10.8571 -0.303699 -0.113888 -4.61666 0.13201 -0.303699 0.0239091 0.00225539 0.226934 0.0408748 -0.113888 0.00225539 0.00694808 0.0335693 0.89749 -4.61666 0.226934 0.0335693 5.23842 
1.79884 -2.3293 0.136012 0.0431327 0.931241 -2.3293 10.9769 -0.309297 -0.117469 -4.6325 0.136012 -0.309297 0.0245063 0.00245219 0.230489 0.0431327 -0.117469 0.00245219 0.0071597 0.0357049 0.931241 -4.6325 0.230489 0.0357049 5.30237 
1.82083 -2.36711 0.140263 0.0453974 0.96751 -2.36711 11.1074 -0.315538 -0.121247 -4.6517 0.140263 -0.315538 0.0251315 0.00265379 0.23421 0.0453974 -0.121247 0.00265379 0.00738311 0.0379766 0.96751 -4.6517 0.23421 0.0379766 5.37048 
1.8423 -2.40676 0.144765 0.0476504 1.00633 -2.40676 11.2495 -0.322463 -0.125216 -4.67466 0.144765 -0.322463 0.0257849 0.0028598 0.238101 0.0476504 -0.125216 0.0028598 0.00761863 0.0403922 1.00633 -4.67466 0.238101 0.0403922 5.44294 
1.86317 -2.44836 0.149514 0.0498704 1.04771 -2.44836 11.4043 -0.330116 -0.129367 -4.70175 0.149514 -0.330116 0.0264664 0.00306978 0.242165 0.0498704 -0.129367 0.00306978 0.00786642 0.0429592 1.04771 -4.70175 0.242165 0.0429592 5.51993 
1.88334 -2.49202 0.154509 0.0520341 1.09163 -2.49202 11.573 -0.338534 -0.133689 -4.73339 0.154509 -0.338534 0.0271759 0.00328322 0.246407 0.0520341 -0.133689 0.00328322 0.00812658 0.0456848 1.09163 -4.73339 0.246407 0.0456848 5.60162 
1.90273 -2.53787 0.15974 0.0541159 1.13804 -2.53787 11.7568 -0.347754 -0.138167 -4.76998 0.15974 -0.347754 0.0279132 0.00349953 0.250828 0.0541159 -0.138167 0.00349953 0.00839904 0.048576 1.13804 -4.76998 0.250828 0.048576 5.6882 
1.92128 -2.58603 0.165196 0.0560883 1.18685 -2.58603 11.9569 -0.357808 -0.142783 -4.81197 0.165196 -0.357808 0.0286778 0.00371801 0.255435 0.0560883 -0.142783 0.00371801 0.00868355 0.0516391 1.18685 -4.81197 0.255435 0.0516391 5.77983 
1.93893 -2.63659 0.170861 0.057922 1.23791 -2.63659 12.1748 -0.36872 -0.147517 -4.85979 0.170861 -0.36872 0.0294694 0.00393786 0.260229 0.057922 -0.147517 0.00393786 0.0089797 0.0548791 1.23791 -4.85979 0.260229 0.0548791 5.87665 
1.95563 -2.68968 0.176718 0.0595865 1.29107 -2.68968 12.4116 -0.380513 -0.152347 -4.91387 0.176718 -0.380513 0.0302873 0.00415814 0.265215 0.0595865 -0.152347 0.00415814 0.00928683 0.0583001 1.29107 -4.91387 0.265215 0.0583001 5.9788 
1.97136 -2.74537 0.182742 0.0610506 1.34609 -2.74537 12.6689 -0.3932 -0.157247 -4.97465 0.182742 -0.3932 0.0311309 0.00437775 0.270397 0.0610506 -0.157247 0.00437775 0.00960407 0.0619042 1.34609 -4.97465 0.270397 0.0619042 6.08641 
1.98611 -2.80374 0.188906 0.0622829 1.40273 -2.80374 12.9478 -0.406787 -0.162191 -5.04258 0.188906 -0.406787 0.0319993 0.00459545 0.275777 0.0622829 -0.162191 0.00459545 0.00993027 0.0656916 1.40273 -5.04258 0.275777 0.0656916 6.19955 
1.9999 -2.86483 0.19518 0.0632527 1.46069 -2.86483 13.2499 -0.421272 -0.167148 -5.11809 0.19518 -0.421272 0.0328916 0.00480977 0.281359 0.0632527 -0.167148 0.00480977 0.0102641 0.0696601 1.46069 -5.11809 0.281359 0.0696601 6.31829 
2.01276 -2.92863 0.20153 0.0639301 1.51961 -2.92863 13.5762 -0.436647 -0.17209 -5.20161 0.20153 -0.436647 0.0338068 0.00501905 0.287143 0.0639301 -0.17209 0.00501905 0.0106038 0.0738047 1.51961 -5.20161 0.287143 0.0738047 6.44267 
2.02475 -2.99512 0.20792 0.0642877 1.57914 -2.99512 13.928 -0.452891 -0.176987 -5.29355 0.20792 -0.452891 0.0347436 0.00522143 0.29313 0.0642877 -0.176987 0.00522143 0.0109475 0.0781172 1.57914 -5.29355 0.29313 0.0781172 6.57266 
2.03593 -3.06419 0.214311 0.0643003 1.63887 -3.06419 14.3065 -0.469977 -0.181806 -5.39433 0.214311 -0.469977 0.0357008 0.00541477 0.299319 0.0643003 -0.181806 0.00541477 0.0112932 0.0825862 1.63887 -5.39433 0.299319 0.0825862 6.70821 
2.0464 -3.13571 0.220664 0.0639463 1.69837 -3.13571 14.7125 -0.487868 -0.186517 -5.50433 0.220664 -0.487868 0.0366769 0.00559673 0.305705 0.0639463 -0.186517 0.00559673 0.0116385 0.0871969 1.69837 -5.50433 0.305705 0.0871969 6.84924 
2.05628 -3.20944 0.22694 0.0632084 1.7572 -3.20944 15.1469 -0.506517 -0.191091 -5.62393 0.22694 -0.506517 0.0376703 0.00576473 0.312283 0.0632084 -0.191091 0.00576473 0.011981 0.0919309 1.7572 -5.62393 0.312283 0.0919309 6.99558 
2.06568 -3.28511 0.233098 0.0620735 1.81493 -3.28511 15.6104 -0.525869 -0.195499 -5.75349 0.233098 -0.525869 0.0386791 0.005916 0.319041 0.0620735 -0.195499 0.005916 0.0123181 0.0967665 1.81493 -5.75349 0.319041 0.0967665 7.14704 
2.07475 -3.36236 0.239103 0.060534 1.87109 -3.36236 16.1035 -0.545863 -0.199713 -5.89332 0.239103 -0.545863 0.0397016 0.00604755 0.325969 0.060534 -0.199713 0.00604755 0.0126472 0.101679 1.87109 -5.89332 0.325969 0.101679 7.30336 
2.08364 -3.44075 0.244919 0.0585873 1.92525 -3.44075 16.6263 -0.566425 -0.203707 -6.04374 0.244919 -0.566425 0.0407354 0.00615626 0.333047 0.0585873 -0.203707 0.00615627 0.0129659 0.106639 1.92525 -6.04374 0.333047 0.106639 7.46423 
2.09251 -3.51977 0.250516 0.0562366 1.97699 -3.51977 17.1791 -0.58748 -0.207457 -6.20501 0.250516 -0.58748 0.0417785 0.00623893 0.340255 0.0562366 -0.207457 0.00623893 0.0132717 0.111618 1.97699 -6.20501 0.340255 0.111618 7.62929 
2.10153 -3.59883 0.255868 0.0534906 2.02591 -3.59883 17.7616 -0.60894 -0.210939 -6.37737 0.255868 -0.60894 0.0428284 0.00629227 0.347568 0.0534906 -0.210939 0.00629227 0.0135624 0.116584 2.02591 -6.37737 0.347568 0.116584 7.79813 
2.11088 -3.67729 0.260953 0.0503631 2.07164 -3.67729 18.3735 -0.630716 -0.214133 -6.561 0.260953 -0.630716 0.0438825 0.00631305 0.354954 0.0503631 -0.214133 0.00631305 0.0138362 0.121503 2.07164 -6.561 0.354954 0.121503 7.97028 
2.12075 -3.75441 0.265756 0.0468733 2.11386 -3.75441 19.0143 -0.652709 -0.217019 -6.75605 0.265756 -0.652709 0.0449383 0.0062981 0.36238 0.0468733 -0.217019 0.0062981 0.0140914 0.126343 2.11386 -6.75605 0.36238 0.126343 8.14527 
2.13131 -3.82945 0.270269 0.0430448 2.15226 -3.82945 19.6832 -0.674818 -0.219578 -6.96261 0.270269 -0.674818 0.045993 0.00624445 0.369805 0.0430448 -0.219578 0.00624445 0.0143267 0.13107 2.15226 -6.96261 0.369805 0.13107 8.32255 
2.14277 -3.90157 0.274488 0.0389053 2.1866 -3.90157 20.3791 -0.696935 -0.221793 -7.18071 0.274488 -0.696935 0.0470439 0.00614934 0.377187 0.0389053 -0.221793 0.00614935 0.0145415 0.135654 2.1866 -7.18071 0.377187 0.135654 8.50159 
2.15531 -3.96994 0.278418 0.0344859 2.21666 -3.96994 21.1009 -0.718948 -0.223648 -7.41032 0.278418 -0.718948 0.0480883 0.00601035 0.38448 0.0344859 -0.223648 0.00601035 0.0147355 0.140065 2.21666 -7.41032 0.38448 0.140065 8.68181 
2.16914 -4.0337 0.282069 0.0298204 2.24226 -4.0337 21.8473 -0.740743 -0.225128 -7.65134 0.282069 -0.740743 0.0491236 0.00582539 0.391634 0.0298204 -0.225128 0.00582539 0.0149088 0.144278 2.24226 -7.65134 0.391634 0.144278 8.86265 
2.18447 -4.09197 0.285458 0.0249449 2.26328 -4.09197 22.6165 -0.762199 -0.22622 -7.90361 0.285458 -0.762199 0.0501472 0.00559285 0.398594 0.0249449 -0.22622 0.00559285 0.0150622 0.14827 2.26328 -7.90361 0.398594 0.14827 9.04353 
2.20151 -4.14388 0.288606 0.0198967 2.27962 -4.14388 23.407 -0.783195 -0.226911 -8.16688 0.288606 -0.783195 0.0511567 0.00531159 0.405308 0.0198968 -0.226911 0.00531159 0.0151968 0.152024 2.27962 -8.16688 0.405308 0.152024 9.22392 
2.22047 -4.18859 0.291541 0.0147139 2.29121 -4.18859 24.2167 -0.803603 -0.227191 -8.44083 0.291541 -0.803603 0.0521502 0.00498098 0.411718 0.0147139 -0.227191 0.00498098 0.0153144 0.155526 2.29121 -8.44083 0.411718 0.155526 9.40326 
2.24158 -4.22529 0.294295 0.00943465 2.29802 -4.22529 25.0437 -0.823297 -0.227051 -8.72507 0.294295 -0.823297 0.0531254 0.00460098 0.417767 0.00943466 -0.227051 0.00460098 0.0154168 0.158769 2.29802 -8.72507 0.417767 0.158769 9.58107 
2.26508 -4.2532 0.296905 0.00409684 2.30002 -4.2532 25.8855 -0.842146 -0.226484 -9.01913 0.296905 -0.842146 0.0540811 0.00417206 0.423398 0.00409685 -0.226484 0.00417206 0.0155067 0.161751 2.30002 -9.01913 0.423398 0.161751 9.75689 
2.2912 -4.27161 0.299408 -0.00126255 2.29724 -4.27161 26.7399 -0.860018 -0.225487 -9.32246 0.299408 -0.860018 0.0550157 0.00369529 0.428554 -0.00126255 -0.225487 0.00369529 0.0155867 0.164473 2.29724 -9.32246 0.428554 0.164473 9.93028 
2.32019 -4.27987 0.301848 -0.0066077 2.28969 -4.27987 27.6041 -0.876781 -0.224059 -9.63446 0.301848 -0.876781 0.0559283 0.00317232 0.433177 -0.00660769 -0.224059 0.00317232 0.0156597 0.166945 2.28969 -9.63446 0.433177 0.166945 10.1009 
2.3523 -4.2774 0.304267 -0.0119045 2.27741 -4.2774 28.4754 -0.892302 -0.222205 -9.95443 0.304267 -0.892302 0.0568184 0.00260529 0.437212 -0.0119045 -0.222205 0.00260529 0.015729 0.169181 2.27741 -9.95443 0.437212 0.169181 10.2684 
2.38777 -4.26372 0.306711 -0.0171206 2.26045 -4.26372 29.3509 -0.906451 -0.219934 -10.2816 0.306711 -0.906451 0.0576856 0.0019969 0.440606 -0.0171206 -0.219934 0.0019969 0.0157977 0.171199 2.26045 -10.2816 0.440606 0.171199 10.4326 
2.42688 -4.23842 0.309224 -0.0222256 2.23887 -4.23842 30.2275 -0.919099 -0.217259 -10.6153 0.309224 -0.919099 0.05853 0.00135031 0.443308 -0.0222256 -0.217259 0.00135032 0.0158691 0.173024 2.23887 -10.6153 0.443308 0.173024 10.5932 
2.46986 -4.20121 0.311851 -0.0271914 2.21272 -4.20121 31.1019 -0.930121 -0.214201 -10.9546 0.311851 -0.930121 0.059352 0.000669121 0.445268 -0.0271913 -0.214201 0.000669121 0.0159466 0.174683 2.21272 -10.9546 0.445268 0.174683 10.7502 
2.51696 -4.1519 0.314637 -0.0319919 2.18208 -4.1519 31.9707 -0.939396 -0.210787 -11.2986 0.314637 -0.939396 0.0601525 -4.26807e-05 0.446441 -0.0319919 -0.210787 -4.26797e-05 0.0160331 0.176209 2.18208 -11.2986 0.446441 0.176209 10.9034 
2.56842 -4.09041 0.317624 -0.0366038 2.14702 -4.09041 32.8304 -0.946812 -0.20705 -11.6465 0.317624 -0.946812 0.0609322 -0.000780772 0.446784 -0.0366038 -0.20705 -0.000780772 0.0161318 0.177638 2.14702 -11.6465 0.446784 0.177638 11.053 
2.62447 -4.0168 0.320853 -0.0410058 2.10762 -4.0168 33.6772 -0.952262 -0.203032 -11.9974 0.320853 -0.952262 0.0616924 -0.00154052 0.446258 -0.0410058 -0.203032 -0.00154052 0.0162453 0.179009 2.10762 -11.9974 0.446258 0.179009 11.1989 
2.6853 -3.93121 0.324362 -0.0451792 2.06397 -3.93121 34.5073 -0.955652 -0.198782 -12.3503 0.324362 -0.955652 0.0624347 -0.00231713 0.444829 -0.0451792 -0.198782 -0.00231713 0.0163761 0.180362 2.06397 -12.3503 0.444829 0.180362 11.3414 
2.75111 -3.83396 0.328186 -0.0491078 2.01615 -3.83396 35.317 -0.956899 -0.194356 -12.7044 0.328186 -0.956899 0.0631604 -0.00310557 0.442467 -0.0491078 -0.194356 -0.00310557 0.0165263 0.181743 2.01615 -12.7044 0.442467 0.181743 11.4807 
2.82205 -3.72545 0.332356 -0.0527778 1.96429 -3.72545 36.1023 -0.955932 -0.18982 -13.0589 0.332356 -0.955932 0.0638712 -0.00390074 0.439146 -0.0527778 -0.18982 -0.00390073 0.0166978 0.183195 1.96429 -13.0589 0.439146 0.183195 11.617 
2.89825 -3.60623 0.336901 -0.0561779 1.90849 -3.60623 36.8593 -0.952699 -0.185246 -13.4129 0.336901 -0.952699 0.0645689 -0.00469749 0.434847 -0.0561779 -0.185246 -0.00469749 0.016892 0.184764 1.90849 -13.4129 0.434847 0.184764 11.7508 
2.97981 -3.47697 0.341842 -0.0592993 1.84888 -3.47697 37.5842 -0.947162 -0.180712 -13.7656 0.341842 -0.947162 0.0652549 -0.00549068 0.429554 -0.0592993 -0.180712 -0.00549067 0.0171099 0.186498 1.84888 -13.7656 0.429554 0.186498 11.8825 
3.06679 -3.33847 0.347198 -0.0621355 1.78561 -3.33847 38.2733 -0.939303 -0.176303 -14.1164 0.347198 -0.939303 0.0659311 -0.00627523 0.423259 -0.0621355 -0.176303 -0.00627523 0.017352 0.188442 1.78561 -14.1164 0.423259 0.188442 12.0127 
3.1592 -3.19165 0.352984 -0.0646826 1.71886 -3.19165 38.923 -0.929122 -0.17211 -14.4647 0.352984 -0.929122 0.0665986 -0.00704621 0.415962 -0.0646826 -0.17211 -0.00704621 0.0176185 0.190641 1.71886 -14.4647 0.415962 0.190641 12.142 
3.25701 -3.03751 0.359205 -0.0669389 1.6488 -3.03751 39.53 -0.916643 -0.168227 -14.81 0.359205 -0.916643 0.0672587 -0.00779882 0.407666 -0.0669389 -0.168227 -0.00779882 0.0179092 0.19314 1.6488 -14.81 0.407666 0.19314 12.271 
3.36018 -2.87718 0.365866 -0.068905 1.57564 -2.87718 40.0914 -0.90191 -0.164752 -15.1519 0.365866 -0.90191 0.0679125 -0.00852854 0.398384 -0.0689049 -0.164752 -0.00852854 0.0182232 0.195982 1.57564 -15.1519 0.398384 0.195982 12.4006 
3.46857 -2.71187 0.372962 -0.0705835 1.49964 -2.71187 40.6045 -0.884988 -0.161784 -15.4902 0.372962 -0.884988 0.0685606 -0.00923109 0.388137 -0.0705835 -0.161784 -0.00923109 0.0185596 0.199205 1.49964 -15.4902 0.388137 0.199205 12.5315 
3.58205 -2.54286 0.380485 -0.0719793 1.42104 -2.54286 41.067 -0.865967 -0.159421 -15.8247 0.380485 -0.865967 0.0692035 -0.0099025 0.376951 -0.0719793 -0.159421 -0.0099025 0.0189169 0.202849 1.42104 -15.8247 0.376951 0.202849 12.6647 
3.70041 -2.37147 0.388422 -0.0730988 1.34014 -2.37147 41.4774 -0.844954 -0.15776 -16.1555 0.388422 -0.844954 0.0698413 -0.0105391 0.364863 -0.0730988 -0.15776 -0.0105391 0.0192931 0.206946 1.34014 -16.1555 0.364863 0.206946 12.8011 
3.82343 -2.1991 0.396754 -0.0739502 1.25725 -2.1991 41.8344 -0.822083 -0.156894 -16.4827 0.396754 -0.822083 0.0704737 -0.0111377 0.351916 -0.0739501 -0.156894 -0.0111377 0.0196862 0.211528 1.25725 -16.4827 0.351916 0.211528 12.9417 
3.95085 -2.02712 0.405456 -0.0745429 1.17273 -2.02712 42.1375 -0.7975 -0.156909 -16.8067 0.405456 -0.7975 0.0711002 -0.0116954 0.338163 -0.0745429 -0.156909 -0.0116954 0.0200937 0.21662 1.17273 -16.8067 0.338163 0.21662 13.0878 
4.08236 -1.85694 0.414501 -0.0748877 1.08694 -1.85694 42.3869 -0.771376 -0.157888 -17.1279 0.414501 -0.771376 0.0717197 -0.0122096 0.323664 -0.0748877 -0.157888 -0.0122096 0.020513 0.222246 1.08694 -17.1279 0.323664 0.222246 13.2402 
4.21765 -1.68993 0.423857 -0.0749961 1.00029 -1.68993 42.5833 -0.743894 -0.1599 -17.4471 0.423857 -0.743894 0.0723313 -0.0126784 0.308486 -0.074996 -0.1599 -0.0126784 0.0209414 0.228421 1.00029 -17.4471 0.308486 0.228421 13.4004 
4.3564 -1.52744 0.433491 -0.07488 0.913196 -1.52744 42.7281 -0.71525 -0.163008 -17.7649 0.433491 -0.71525 0.0729333 -0.0130999 0.292706 -0.07488 -0.163008 -0.0130999 0.0213758 0.235159 0.913196 -17.7649 0.292706 0.235159 13.5694 
4.49825 -1.37074 0.443365 -0.0745518 0.826111 -1.37074 42.8236 -0.685652 -0.167261 -18.0825 0.443365 -0.685652 0.0735241 -0.0134729 0.276406 -0.0745518 -0.167261 -0.0134729 0.0218134 0.242466 0.826111 -18.0825 0.276406 0.242466 13.7485 
4.64285 -1.22105 0.453441 -0.0740239 0.739505 -1.22105 42.8724 -0.655318 -0.172696 -18.4007 0.453441 -0.655318 0.074102 -0.0137965 0.259674 -0.0740239 -0.172696 -0.0137965 0.0222511 0.250346 0.739505 -18.4007 0.259674 0.250346 13.9389 
4.78986 -1.07948 0.463681 -0.0733085 0.65386 -1.07948 42.8781 -0.624468 -0.179338 -18.7209 0.463681 -0.624468 0.074665 -0.01407 0.242609 -0.0733085 -0.179338 -0.01407 0.0226858 0.258796 0.65386 -18.7209 0.242609 0.258796 14.1419 
4.93896 -0.947075 0.474046 -0.0724171 0.569672 -0.947075 42.8445 -0.593329 -0.187198 -19.0444 0.474046 -0.593329 0.0752112 -0.0142932 0.225309 -0.0724171 -0.187198 -0.0142932 0.0231149 0.267807 0.569672 -19.0444 0.225309 0.267807 14.3586 
5.08981 -0.824738 0.4845 -0.0713607 0.487455 -0.824738 42.7763 -0.562122 -0.19627 -19.3725 0.4845 -0.562122 0.0757389 -0.0144661 0.207881 -0.0713607 -0.19627 -0.0144661 0.0235354 0.277366 0.487455 -19.3725 0.207881 0.277366 14.5904 
5.24212 -0.713268 0.495007 -0.0701494 0.407724 -0.713268 42.6785 -0.53107 -0.20654 -19.7068 0.495007 -0.53107 0.0762462 -0.0145891 0.190432 -0.0701493 -0.20654 -0.0145891 0.0239449 0.287455 0.407724 -19.7068 0.190432 0.287455 14.8384 
5.39562 -0.613344 0.505535 -0.0687923 0.330991 -0.613344 42.5563 -0.500389 -0.217975 -20.0488 0.505535 -0.500389 0.0767317 -0.0146625 0.173076 -0.0687922 -0.217975 -0.0146625 0.0243409 0.298053 0.330991 -20.0488 0.173076 0.298053 15.1038 
5.55007 -0.525533 0.516053 -0.0672975 0.257778 -0.525533 42.4154 -0.470289 -0.230533 -20.4001 0.516053 -0.470289 0.0771942 -0.0146873 0.155926 -0.0672975 -0.230533 -0.0146873 0.0247212 0.309133 0.257778 -20.4001 0.155926 0.309133 15.3875 
5.70527 -0.45027 0.526538 -0.0656721 0.188594 -0.45027 42.2617 -0.440966 -0.24416 -20.7623 0.526538 -0.440966 0.0776329 -0.0146643 0.139094 -0.0656721 -0.24416 -0.0146643 0.0250839 0.320663 0.188594 -20.7623 0.139094 0.320663 15.6905 
5.86103 -0.387891 0.536968 -0.0639221 0.123937 -0.387891 42.1011 -0.412611 -0.25879 -21.1369 0.536968 -0.412611 0.0780471 -0.0145947 0.122697 -0.0639221 -0.25879 -0.0145947 0.0254274 0.332611 0.123937 -21.1369 0.122697 0.332611 16.0139 
6.01723 -0.338608 0.547325 -0.0620524 0.0642929 -0.338608 41.9396 -0.385398 -0.274348 -21.5255 0.547325 -0.385398 0.078437 -0.0144795 0.106845 -0.0620524 -0.274348 -0.0144795 0.0257501 0.344938 0.0642929 -21.5255 0.106845 0.344938 16.3585 
6.17376 -0.302547 0.557598 -0.0600672 0.0101337 -0.302547 41.7831 -0.359491 -0.290755 -21.9296 0.557598 -0.359491 0.0788028 -0.0143202 0.0916505 -0.0600671 -0.290755 -0.0143202 0.0260509 0.357606 0.0101337 -21.9296 0.0916505 0.357606 16.725 
6.33056 -0.279741 0.567781 -0.0579697 -0.0380878 -0.279741 41.6372 -0.335037 -0.307919 -22.3505 0.567781 -0.335037 0.0791455 -0.0141182 0.0772214 -0.0579697 -0.307919 -0.0141182 0.0263289 0.370572 -0.0380878 -22.3505 0.0772214 0.370572 17.114 
6.4876 -0.270143 0.57787 -0.0557626 -0.0799599 -0.270143 41.5075 -0.312172 -0.32575 -22.7898 0.57787 -0.312172 0.0794664 -0.0138749 0.0636621 -0.0557626 -0.32575 -0.0138749 0.0265834 0.383792 -0.0799599 -22.7898 0.0636621 0.383792 17.5261 
6.64486 -0.273636 0.587868 -0.0534481 -0.115072 -0.273636 41.3991 -0.291015 -0.344149 -23.2485 0.587868 -0.291015 0.0797674 -0.0135919 0.0510688 -0.053448 -0.344149 -0.0135919 0.0268139 0.397221 -0.115072 -23.2485 0.0510688 0.397221 17.9616 
6.80237 -0.290043 0.59778 -0.051028 -0.143064 -0.290043 41.317 -0.271672 -0.36302 -23.7278 0.59778 -0.271672 0.0800508 -0.0132708 0.0395403 -0.0510279 -0.36302 -0.0132708 0.0270203 0.410814 -0.143064 -23.7278 0.0395403 0.410814 18.4209 
6.96019 -0.319143 0.607617 -0.048504 -0.163597 -0.319143 41.2654 -0.254235 -0.382263 -24.2286 0.607617 -0.254235 0.0803193 -0.0129132 0.0291643 -0.0485039 -0.382263 -0.0129132 0.0272023 0.424523 -0.163597 -24.2286 0.0291643 0.424523 18.9043 
7.11837 -0.360683 0.617393 -0.0458777 -0.176363 -0.360683 41.2483 -0.238781 -0.40178 -24.7518 0.617393 -0.238781 0.080576 -0.0125208 0.02002 -0.0458777 -0.40178 -0.0125208 0.0273603 0.438303 -0.176363 -24.7518 0.02002 0.438303 19.4116 
7.277 -0.414377 0.627125 -0.0431511 -0.181087 -0.414377 41.2693 -0.225377 -0.421474 -25.2981 0.627125 -0.225377 0.0808245 -0.0120954 0.0121865 -0.043151 -0.421474 -0.0120954 0.0274943 0.452107 -0.181087 -25.2981 0.0121865 0.452107 19.9429 
7.43617 -0.479904 0.63683 -0.0403261 -0.177549 -0.479904 41.3312 -0.214075 -0.441253 -25.8679 0.63683 -0.214075 0.0810685 -0.0116386 0.00573015 -0.0403261 -0.441253 -0.0116386 0.0276049 0.465889 -0.177549 -25.8679 0.00573015 0.465889 20.4981 
7.59597 -0.556955 0.646532 -0.0374051 -0.165539 -0.556955 41.4367 -0.204916 -0.461026 -26.4616 0.646532 -0.204916 0.0813119 -0.0111523 0.000712872 -0.0374051 -0.461026 -0.0111523 0.0276926 0.479606 -0.165539 -26.4616 0.000712872 0.479606 21.0767 
7.75653 -0.645185 0.656253 -0.0343912 -0.144899 -0.645185 41.5877 -0.197933 -0.480708 -27.0795 0.656253 -0.197933 0.0815592 -0.0106382 -0.00281096 -0.0343912 -0.480708 -0.0106382 0.027758 0.493213 -0.144899 -27.0795 -0.00281096 0.493213 21.6784 
7.91794 -0.74428 0.666017 -0.0312877 -0.115494 -0.74428 41.7856 -0.193143 -0.500216 -27.7214 0.666017 -0.193143 0.0818145 -0.0100981 -0.00479698 -0.0312876 -0.500216 -0.0100981 0.0278017 0.506669 -0.115494 -27.7214 -0.00479698 0.506669 22.3027 
8.08031 -0.853888 0.675848 -0.0280986 -0.07724 -0.853888 42.0314 -0.190559 -0.519477 -28.3874 0.675848 -0.190559 0.0820824 -0.00953396 -0.00520611 -0.0280986 -0.519477 -0.00953396 0.0278246 0.519935 -0.07724 -28.3874 -0.00520611 0.519935 22.9489 
8.24374 -0.973692 0.685772 -0.0248286 -0.0300827 -0.973692 42.3258 -0.190184 -0.53842 -29.077 0.685772 -0.190184 0.0823674 -0.00894757 -0.00400639 -0.0248286 -0.53842 -0.00894757 0.0278274 0.532971 -0.0300827 -29.077 -0.00400639 0.532971 23.6163 
8.40832 -1.10336 0.695812 -0.0214828 0.026001 -1.10336 42.6687 -0.19201 -0.55698 -29.7899 0.695812 -0.19201 0.0826738 -0.00834081 -0.00117588 -0.0214828 -0.55698 -0.00834081 0.0278111 0.545742 0.026001 -29.7899 -0.00117588 0.545742 24.3042 
8.57412 -1.24257 0.705993 -0.0180672 0.0909958 -1.24257 43.0599 -0.196025 -0.575098 -30.5254 0.705993 -0.196025 0.083006 -0.00771554 0.00330114 -0.0180671 -0.575098 -0.00771554 0.0277764 0.558213 0.0909958 -30.5254 0.00330114 0.558213 25.0116 
8.74123 -1.391 0.716337 -0.0145879 0.164841 -1.391 43.4987 -0.202209 -0.592722 -31.2828 0.716337 -0.202209 0.0833684 -0.00707367 0.00943613 -0.0145879 -0.592722 -0.00707367 0.0277242 0.570353 0.164841 -31.2828 0.00943613 0.570353 25.7375 
8.90971 -1.54836 0.726866 -0.0110521 0.247467 -1.54836 43.984 -0.210535 -0.609805 -32.0613 0.726866 -0.210535 0.083765 -0.00641708 0.0172267 -0.0110521 -0.609805 -0.00641708 0.0276554 0.582134 0.247467 -32.0613 0.0172267 0.582134 26.4809 
9.0796 -1.71429 0.737601 -0.007467 0.338757 -1.71429 44.5145 -0.220972 -0.626304 -32.8598 0.737601 -0.220972 0.0841999 -0.00574766 0.0266724 -0.00746699 -0.626304 -0.00574766 0.0275709 0.593526 0.338757 -32.8598 0.0266724 0.593526 27.2406 
9.25094 -1.88854 0.748561 -0.00384036 0.43858 -1.88854 45.0886 -0.233476 -0.642183 -33.6772 0.748561 -0.233476 0.0846766 -0.00506727 0.0377579 -0.00384035 -0.642183 -0.00506727 0.0274716 0.604507 0.43858 -33.6772 0.0377579 0.604507 28.0155 
9.42374 -2.07079 0.759762 -0.0001803 0.546768 -2.07079 45.7043 -0.248011 -0.657413 -34.5124 0.759762 -0.248011 0.0851987 -0.00437777 0.0504651 -0.000180285 -0.657413 -0.00437777 0.0273583 0.615054 0.546768 -34.5124 0.0504651 0.615054 28.8042 
9.59802 -2.2607 0.771219 0.00350476 0.663105 -2.2607 46.3596 -0.264526 -0.671965 -35.3641 0.771219 -0.264526 0.0857695 -0.00368099 0.064775 0.00350477 -0.671965 -0.00368099 0.0272318 0.625148 0.663105 -35.3641 0.064775 0.625148 29.6057 
9.77377 -2.45801 0.782945 0.00720625 0.787395 -2.45801 47.0523 -0.282969 -0.685819 -36.2308 0.782945 -0.282969 0.0863918 -0.00297875 0.0806541 0.00720627 -0.685819 -0.00297875 0.0270931 0.63477 0.787395 -36.2308 0.0806541 0.63477 30.4185 
9.95097 -2.66239 0.794954 0.0109156 0.919395 -2.66239 47.7798 -0.303282 -0.698957 -37.1112 0.794954 -0.303282 0.0870684 -0.00227278 0.0980701 0.0109156 -0.698957 -0.00227278 0.0269429 0.643906 0.919395 -37.1112 0.0980701 0.643906 31.2413 
10.1296 -2.87353 0.807253 0.0146239 1.05882 -2.87353 48.5397 -0.325408 -0.711367 -38.0039 0.807253 -0.325408 0.0878018 -0.00156483 0.116984 0.0146239 -0.711367 -0.00156483 0.026782 0.652544 1.05882 -38.0039 0.116984 0.652544 32.0727 
10.3096 -3.09113 0.81985 0.0183226 1.20542 -3.09113 49.3294 -0.349284 -0.723039 -38.9071 0.81985 -0.349284 0.0885939 -0.00085657 0.137355 0.0183226 -0.723039 -0.00085657 0.0266111 0.660673 1.20542 -38.9071 0.137355 0.660673 32.9113 
