6  10
0.168126  0.0446195  0.0572861  0.147648  0.0716039  0.105569  0.0818024  0.111775  0.116236  0.0953345  
2.58522  -0.563682  1.18661  -0.121863  -0.0319871  1.41257  
6.07738  0.810703  -5.5612  0.441594  -0.109678  5.75731  
7.46699  -2.04831  -9.14467  0.548973  -0.159503  9.44922  
10.9329  -8.93553  -13.8287  0.364499  -0.454919  16.5271  
13.3094  -15.7583  -15.106  0.0639396  -0.548639  21.8774  
16.776  -17.6382  -19.1386  -0.0398583  -0.824433  26.2065  
20.3239  -14.6715  -11.0922  -0.202224  -0.496968  18.707  
22.3431  -14.0306  -2.59205  -0.444432  -0.333657  14.5098  
26.1297  -7.14296  6.1386  -0.398119  -0.0988678  9.93082  
29.4755  -1.73635  7.66161  -0.200024  -0.0290417  8.61035  
2.3184  -0.151025  0.38371  -0.0477218  -0.0265068  0.537871  
-0.151025  0.404785  -0.424427  0.0529215  -0.00363039  -0.523032  
0.38371  -0.424427  0.72427  -0.0618001  0.00180226  0.702846  
-0.0477218  0.0529215  -0.0618001  0.00828643  -0.000101825  -0.0675686  
-0.0265068  -0.00363039  0.00180226  -0.000101825  0.000575799  -0.000363934  
0.537871  -0.523032  0.702846  -0.0675686  -0.000363934  0.89602  
0.541008  0.056602  -2.61306  0.224402  -0.0439242  2.5873  
0.056602  1.40549  -1.93063  0.271014  -0.0306147  2.17406  
-2.61306  -1.93063  15.3733  -1.42  0.238133  -15.4425  
0.224402  0.271014  -1.42  0.142442  -0.0229716  1.4469  
-0.0439242  -0.0306147  0.238133  -0.0229716  0.00499322  -0.241424  
2.5873  2.17406  -15.4425  1.4469  -0.241424  15.5836  
0.845696  -1.00243  -1.83971  0.0889572  -0.0964151  2.02122  
-1.00243  1.73901  1.87395  -0.0591188  0.0947311  -2.21583  
-1.83971  1.87395  4.86332  -0.269505  0.21983  -5.15323  
0.0889572  -0.0591188  -0.269505  0.0277668  -0.008722  0.275311  
-0.0964151  0.0947311  0.21983  -0.008722  0.0139736  -0.235551  
2.02122  -2.21583  -5.15323  0.275311  -0.235551  5.51609  
3.74375  -5.70576  -6.18328  -0.147676  -0.442434  8.2717  
-5.70576  9.68268  9.30981  0.228858  0.591194  -13.0405  
-6.18328  9.30981  10.8924  0.239554  0.748123  -14.1673  
-0.147676  0.228858  0.239554  0.0155523  0.0188481  -0.324074  
-0.442434  0.591194  0.748123  0.0188481  0.0613773  -0.946676  
8.2717  -13.0405  -14.1673  -0.324074  -0.946676  18.9328  
1.18753  -2.48218  -1.48272  -0.0694165  -0.120941  2.81533  
-2.48218  5.58288  3.17539  0.187703  0.246125  -6.21545  
-1.48272  3.17539  4.20751  0.143556  0.135854  -5.17097  
-0.0694165  0.187703  0.143556  0.0187084  0.0113495  -0.236716  
-0.120941  0.246125  0.135854  0.0113495  0.0177191  -0.272664  
2.81533  -6.21545  -5.17097  -0.236716  -0.272664  8.03796  
0.943656  0.494317  -0.499983  0.0215045  -0.0309943  0.0694897  
0.494317  5.45782  -3.46406  0.426524  -0.271725  -0.705263  
-0.499983  -3.46406  4.74502  -0.216049  0.212621  -1.47392  
0.0215045  0.426524  -0.216049  0.0420387  -0.0170429  -0.0987072  
-0.0309943  -0.271725  0.212621  -0.0170429  0.0168822  0.00318984  
0.0694897  -0.705263  -1.47392  -0.0987072  0.00318984  1.56543  
2.40415  5.07232  5.53113  0.280417  0.249486  -7.2861  
5.07232  17.3808  7.14478  1.16631  0.34384  -17.5334  
5.53113  7.14478  17.2306  0.202142  0.667144  -16.1804  
0.280417  1.16631  0.202142  0.0893607  0.0176421  -1.00995  
0.249486  0.34384  0.667144  0.0176421  0.0367692  -0.6767  
-7.2861  -17.5334  -16.1804  -1.00995  -0.6767  23.3748  
2.37613  3.62299  3.66597  0.174788  0.205765  -4.22016  
3.62299  6.00193  5.90227  0.234072  0.252331  -6.8892  
3.66597  5.90227  8.65209  0.160191  0.243629  -7.33146  
0.174788  0.234072  0.160191  0.024521  0.0261508  -0.257331  
0.205765  0.252331  0.243629  0.0261508  0.0325157  -0.294822  
-4.22016  -6.8892  -7.33146  -0.257331  -0.294822  8.07575  
1.6659  2.55707  2.42782  -0.083343  0.0761094  -0.477066  
2.55707  5.0605  2.50451  -0.00529014  0.16983  -2.2241  
2.42782  2.50451  9.00124  -0.405016  0.00224644  3.8203  
-0.083343  -0.00529014  -0.405016  0.0377191  0.0160172  -0.255685  
0.0761094  0.16983  0.00224644  0.0160172  0.0188441  -0.12785  
-0.477066  -2.2241  3.8203  -0.255685  -0.12785  4.38155  
0.86316  0.43158  -0.488215  0.0689318  -0.00965951  -0.361104  
0.43158  7.61292  -8.21127  0.81658  -0.106319  -5.6796  
-0.488215  -8.21127  11.3932  -1.08619  0.00101902  8.40125  
0.0689318  0.81658  -1.08619  0.141688  0.0207814  -0.805599  
-0.00965951  -0.106319  0.00101902  0.0207814  0.0236198  -0.0411897  
-0.361104  -5.6796  8.40125  -0.805599  -0.0411897  6.80102  
