0.39497 -0.399422 0.0498152 -0.00535479 -0.488017 -0.399422 0.660768 -0.0539008 0.00619032 0.613815 0.0498152 -0.0539008 0.00730438 -0.000647192 -0.0564995 -0.00535479 0.00619032 -0.000647192 0.000272983 0.00578327 -0.488017 0.613815 -0.0564995 0.00578327 0.771257 
0.394972 -0.399421 0.0498154 -0.00535462 -0.488019 -0.399421 0.660768 -0.0539008 0.00619038 0.613814 0.0498154 -0.0539008 0.00730441 -0.000647171 -0.0564997 -0.00535462 0.00619038 -0.000647171 0.000273002 0.00578309 -0.488019 0.613814 -0.0564997 0.00578309 0.771259 
0.394974 -0.399421 0.0498156 -0.00535442 -0.488021 -0.399421 0.660768 -0.0539007 0.00619044 0.613814 0.0498156 -0.0539007 0.00730443 -0.000647147 -0.0565 -0.00535442 0.00619044 -0.000647147 0.000273024 0.0057829 -0.488021 0.613814 -0.0565 0.0057829 0.771261 
0.394976 -0.39942 0.0498159 -0.00535421 -0.488023 -0.39942 0.660768 -0.0539006 0.0061905 0.613813 0.0498159 -0.0539006 0.00730446 -0.000647122 -0.0565002 -0.00535421 0.0061905 -0.000647122 0.000273047 0.00578269 -0.488023 0.613813 -0.0565002 0.00578269 0.771263 
0.394978 -0.399419 0.0498161 -0.00535399 -0.488025 -0.399419 0.660768 -0.0539005 0.00619057 0.613813 0.0498161 -0.0539005 0.0073045 -0.000647094 -0.0565004 -0.00535399 0.00619057 -0.000647094 0.000273072 0.00578246 -0.488025 0.613813 -0.0565004 0.00578246 0.771265 
0.39498 -0.399419 0.0498164 -0.00535374 -0.488027 -0.399419 0.660768 -0.0539005 0.00619065 0.613812 0.0498164 -0.0539005 0.00730453 -0.000647063 -0.0565007 -0.00535374 0.00619065 -0.000647063 0.0002731 0.00578222 -0.488027 0.613812 -0.0565007 0.00578222 0.771267 
0.394983 -0.399418 0.0498167 -0.00535348 -0.48803 -0.399418 0.660769 -0.0539004 0.00619072 0.613811 0.0498167 -0.0539004 0.00730457 -0.00064703 -0.056501 -0.00535348 0.00619072 -0.00064703 0.000273129 0.00578195 -0.48803 0.613811 -0.056501 0.00578195 0.771269 
0.394985 -0.399417 0.049817 -0.00535319 -0.488032 -0.399417 0.660769 -0.0539003 0.0061908 0.61381 0.049817 -0.0539003 0.00730461 -0.000646993 -0.0565013 -0.00535319 0.0061908 -0.000646993 0.000273162 0.00578167 -0.488032 0.61381 -0.0565013 0.00578167 0.771272 
0.394988 -0.399417 0.0498174 -0.00535288 -0.488035 -0.399417 0.660769 -0.0539002 0.00619088 0.613809 0.0498174 -0.0539002 0.00730465 -0.000646953 -0.0565017 -0.00535288 0.00619088 -0.000646953 0.000273197 0.00578136 -0.488035 0.613809 -0.0565017 0.00578136 0.771275 
0.394992 -0.399416 0.0498178 -0.00535254 -0.488038 -0.399416 0.660769 -0.0539001 0.00619097 0.613809 0.0498178 -0.0539001 0.0073047 -0.000646909 -0.0565021 -0.00535254 0.00619097 -0.000646909 0.000273236 0.00578103 -0.488038 0.613809 -0.0565021 0.00578103 0.771278 
0.394995 -0.399415 0.0498182 -0.00535217 -0.488041 -0.399415 0.660769 -0.0539 0.00619106 0.613808 0.0498182 -0.0539 0.00730476 -0.000646862 -0.0565025 -0.00535217 0.00619106 -0.000646862 0.000273277 0.00578067 -0.488041 0.613808 -0.0565025 0.00578067 0.771281 
0.394999 -0.399414 0.0498187 -0.00535177 -0.488045 -0.399414 0.660769 -0.0538998 0.00619115 0.613807 0.0498187 -0.0538998 0.00730482 -0.000646809 -0.0565029 -0.00535177 0.00619115 -0.000646809 0.000273323 0.00578029 -0.488045 0.613807 -0.0565029 0.00578029 0.771284 
0.395003 -0.399413 0.0498192 -0.00535134 -0.488049 -0.399413 0.660769 -0.0538997 0.00619125 0.613806 0.0498192 -0.0538997 0.00730489 -0.000646752 -0.0565034 -0.00535134 0.00619125 -0.000646752 0.000273372 0.00577987 -0.488049 0.613806 -0.0565034 0.00577987 0.771288 
0.395007 -0.399412 0.0498197 -0.00535088 -0.488053 -0.399412 0.66077 -0.0538996 0.00619134 0.613805 0.0498197 -0.0538996 0.00730496 -0.000646689 -0.056504 -0.00535088 0.00619134 -0.000646689 0.000273426 0.00577942 -0.488053 0.613805 -0.056504 0.00577942 0.771291 
0.395012 -0.399412 0.0498204 -0.00535037 -0.488057 -0.399412 0.66077 -0.0538995 0.00619145 0.613804 0.0498204 -0.0538995 0.00730504 -0.00064662 -0.0565045 -0.00535037 0.00619145 -0.00064662 0.000273485 0.00577893 -0.488057 0.613804 -0.0565045 0.00577893 0.771295 
0.395017 -0.399411 0.049821 -0.00534982 -0.488062 -0.399411 0.66077 -0.0538993 0.00619155 0.613803 0.049821 -0.0538993 0.00730513 -0.000646544 -0.0565052 -0.00534982 0.00619155 -0.000646544 0.000273549 0.0057784 -0.488062 0.613803 -0.0565052 0.0057784 0.7713 
0.395022 -0.39941 0.0498218 -0.00534922 -0.488067 -0.39941 0.66077 -0.0538992 0.00619165 0.613802 0.0498218 -0.0538992 0.00730523 -0.000646461 -0.0565059 -0.00534922 0.00619165 -0.000646461 0.000273619 0.00577784 -0.488067 0.613802 -0.0565059 0.00577784 0.771305 
0.395028 -0.399409 0.0498225 -0.00534857 -0.488072 -0.399409 0.66077 -0.053899 0.00619176 0.613802 0.0498225 -0.053899 0.00730534 -0.00064637 -0.0565066 -0.00534857 0.00619176 -0.00064637 0.000273695 0.00577722 -0.488072 0.613802 -0.0565066 0.00577722 0.77131 
0.395034 -0.399408 0.0498234 -0.00534787 -0.488078 -0.399408 0.66077 -0.0538989 0.00619186 0.613801 0.0498234 -0.0538989 0.00730546 -0.00064627 -0.0565074 -0.00534787 0.00619186 -0.00064627 0.000273779 0.00577656 -0.488078 0.613801 -0.0565074 0.00577656 0.771315 
0.395041 -0.399407 0.0498244 -0.0053471 -0.488084 -0.399407 0.66077 -0.0538988 0.00619197 0.6138 0.0498244 -0.0538988 0.0073056 -0.000646161 -0.0565083 -0.0053471 0.00619197 -0.000646161 0.000273869 0.00577584 -0.488084 0.6138 -0.0565083 0.00577584 0.771321 
0.395049 -0.399406 0.0498254 -0.00534627 -0.488091 -0.399406 0.66077 -0.0538986 0.00619207 0.613799 0.0498254 -0.0538986 0.00730575 -0.00064604 -0.0565092 -0.00534627 0.00619207 -0.00064604 0.000273968 0.00577507 -0.488091 0.613799 -0.0565092 0.00577507 0.771327 
0.395057 -0.399405 0.0498265 -0.00534537 -0.488098 -0.399405 0.66077 -0.0538985 0.00619217 0.613798 0.0498265 -0.0538985 0.00730591 -0.000645908 -0.0565103 -0.00534537 0.00619217 -0.000645908 0.000274076 0.00577423 -0.488098 0.613798 -0.0565103 0.00577423 0.771333 
0.395066 -0.399404 0.0498278 -0.00534439 -0.488106 -0.399404 0.660769 -0.0538983 0.00619227 0.613797 0.0498278 -0.0538983 0.00730609 -0.000645763 -0.0565114 -0.00534439 0.00619227 -0.000645763 0.000274195 0.00577333 -0.488106 0.613797 -0.0565114 0.00577333 0.771341 
0.395075 -0.399404 0.0498291 -0.00534333 -0.488114 -0.399404 0.660769 -0.0538982 0.00619235 0.613796 0.0498291 -0.0538982 0.00730629 -0.000645603 -0.0565126 -0.00534333 0.00619235 -0.000645603 0.000274323 0.00577235 -0.488114 0.613796 -0.0565126 0.00577235 0.771348 
0.395085 -0.399403 0.0498306 -0.00534217 -0.488123 -0.399403 0.660769 -0.0538981 0.00619243 0.613795 0.0498306 -0.0538981 0.00730651 -0.000645427 -0.056514 -0.00534217 0.00619243 -0.000645427 0.000274464 0.0057713 -0.488123 0.613795 -0.056514 0.0057713 0.771356 
0.395096 -0.399403 0.0498323 -0.00534091 -0.488133 -0.399403 0.660769 -0.053898 0.0061925 0.613795 0.0498323 -0.053898 0.00730676 -0.000645234 -0.0565154 -0.00534091 0.0061925 -0.000645234 0.000274619 0.00577016 -0.488133 0.613795 -0.0565154 0.00577016 0.771365 
0.395109 -0.399402 0.0498341 -0.00533954 -0.488144 -0.399402 0.660769 -0.0538979 0.00619255 0.613794 0.0498341 -0.0538979 0.00730703 -0.000645021 -0.056517 -0.00533954 0.00619255 -0.000645021 0.000274787 0.00576893 -0.488144 0.613794 -0.056517 0.00576893 0.771374 
0.395122 -0.399402 0.049836 -0.00533805 -0.488155 -0.399402 0.660769 -0.0538978 0.00619257 0.613793 0.049836 -0.0538978 0.00730733 -0.000644787 -0.0565187 -0.00533805 0.00619257 -0.000644787 0.000274971 0.0057676 -0.488155 0.613793 -0.0565187 0.0057676 0.771384 
0.395136 -0.399402 0.0498382 -0.00533643 -0.488167 -0.399402 0.660768 -0.0538978 0.00619258 0.613793 0.0498382 -0.0538978 0.00730767 -0.000644529 -0.0565206 -0.00533643 0.00619258 -0.000644529 0.000275173 0.00576616 -0.488167 0.613793 -0.0565206 0.00576616 0.771394 
0.395151 -0.399402 0.0498405 -0.00533467 -0.48818 -0.399402 0.660768 -0.0538978 0.00619256 0.613793 0.0498405 -0.0538978 0.00730804 -0.000644245 -0.0565226 -0.00533467 0.00619256 -0.000644245 0.000275394 0.00576461 -0.48818 0.613793 -0.0565226 0.00576461 0.771405 
0.395168 -0.399403 0.0498431 -0.00533276 -0.488194 -0.399403 0.660768 -0.0538978 0.00619251 0.613793 0.0498431 -0.0538978 0.00730845 -0.000643932 -0.0565248 -0.00533276 0.00619251 -0.000643932 0.000275635 0.00576293 -0.488194 0.613793 -0.0565248 0.00576293 0.771417 
0.395186 -0.399403 0.0498459 -0.00533067 -0.488209 -0.399403 0.660767 -0.0538979 0.00619241 0.613793 0.0498459 -0.0538979 0.00730891 -0.000643587 -0.0565272 -0.00533067 0.00619241 -0.000643587 0.000275899 0.00576111 -0.488209 0.613793 -0.0565272 0.00576111 0.77143 
0.395205 -0.399405 0.049849 -0.0053284 -0.488225 -0.399405 0.660768 -0.0538981 0.00619227 0.613793 0.049849 -0.0538981 0.00730942 -0.000643207 -0.0565298 -0.0053284 0.00619227 -0.000643207 0.000276189 0.00575915 -0.488225 0.613793 -0.0565298 0.00575915 0.771445 
0.395226 -0.399406 0.0498524 -0.00532594 -0.488242 -0.399406 0.660767 -0.0538983 0.00619207 0.613793 0.0498524 -0.0538983 0.00730999 -0.000642789 -0.0565326 -0.00532594 0.00619207 -0.000642789 0.000276506 0.00575703 -0.488242 0.613793 -0.0565326 0.00575703 0.771459 
0.395249 -0.399409 0.0498561 -0.00532325 -0.48826 -0.399409 0.660768 -0.0538987 0.0061918 0.613794 0.0498561 -0.0538987 0.00731063 -0.000642326 -0.0565356 -0.00532325 0.0061918 -0.000642326 0.000276854 0.00575473 -0.48826 0.613794 -0.0565356 0.00575473 0.771476 
0.395274 -0.399412 0.0498602 -0.00532032 -0.48828 -0.399412 0.660768 -0.0538992 0.00619146 0.613794 0.0498602 -0.0538992 0.00731133 -0.000641817 -0.0565388 -0.00532032 0.00619146 -0.000641817 0.000277235 0.00575226 -0.48828 0.613794 -0.0565388 0.00575226 0.771493 
0.395301 -0.399415 0.0498646 -0.00531714 -0.488302 -0.399415 0.66077 -0.0538999 0.00619103 0.613795 0.0498646 -0.0538999 0.00731212 -0.000641256 -0.0565423 -0.00531714 0.00619103 -0.000641256 0.000277653 0.00574957 -0.488302 0.613795 -0.0565423 0.00574957 0.771513 
0.39533 -0.39942 0.0498696 -0.00531367 -0.488325 -0.39942 0.660772 -0.0539008 0.00619049 0.613795 0.0498696 -0.0539008 0.007313 -0.000640637 -0.0565461 -0.00531367 0.00619049 -0.000640637 0.000278112 0.00574667 -0.488325 0.613795 -0.0565461 0.00574667 0.771533 
0.395362 -0.399426 0.049875 -0.00530989 -0.488349 -0.399426 0.660775 -0.053902 0.00618984 0.613795 0.049875 -0.053902 0.00731398 -0.000639952 -0.0565501 -0.00530989 0.00618984 -0.000639952 0.000278615 0.00574352 -0.488349 0.613795 -0.0565501 0.00574352 0.771557 
0.395396 -0.399432 0.0498809 -0.00530578 -0.488376 -0.399432 0.66078 -0.0539034 0.00618905 0.613795 0.0498809 -0.0539034 0.00731509 -0.000639198 -0.0565543 -0.00530578 0.00618905 -0.000639198 0.000279168 0.0057401 -0.488376 0.613795 -0.0565543 0.0057401 0.771583 
0.395433 -0.39944 0.0498873 -0.00530129 -0.488404 -0.39944 0.660786 -0.0539053 0.00618812 0.613793 0.0498873 -0.0539053 0.00731632 -0.000638368 -0.0565588 -0.00530129 0.00618812 -0.000638368 0.000279775 0.00573639 -0.488404 0.613793 -0.0565588 0.00573639 0.771613 
0.395473 -0.39945 0.0498944 -0.00529641 -0.488435 -0.39945 0.660795 -0.0539077 0.00618701 0.61379 0.0498944 -0.0539077 0.00731772 -0.000637451 -0.0565636 -0.00529641 0.00618701 -0.000637451 0.000280442 0.00573235 -0.488435 0.61379 -0.0565636 0.00573235 0.771647 
0.395517 -0.399461 0.0499022 -0.00529108 -0.488467 -0.399461 0.660808 -0.0539106 0.00618572 0.613785 0.0499022 -0.0539106 0.00731928 -0.000636442 -0.0565683 -0.00529108 0.00618572 -0.000636442 0.000281175 0.00572795 -0.488467 0.613785 -0.0565683 0.00572795 0.771686 
0.395564 -0.399473 0.0499108 -0.00528527 -0.488503 -0.399473 0.660825 -0.0539144 0.00618422 0.613775 0.0499108 -0.0539144 0.00732105 -0.000635328 -0.0565733 -0.00528527 0.00618422 -0.000635328 0.000281982 0.00572315 -0.488503 0.613775 -0.0565733 0.00572315 0.771732 
0.395616 -0.399489 0.0499201 -0.00527894 -0.488541 -0.399489 0.660849 -0.0539191 0.0061825 0.613762 0.0499201 -0.0539191 0.00732305 -0.000634102 -0.0565782 -0.00527894 0.0061825 -0.000634102 0.00028287 0.00571786 -0.488541 0.613762 -0.0565782 0.00571786 0.771788 
0.395671 -0.399505 0.0499304 -0.00527203 -0.488582 -0.399505 0.660881 -0.0539249 0.00618054 0.613741 0.0499304 -0.0539249 0.00732533 -0.000632754 -0.0565829 -0.00527203 0.00618054 -0.000632754 0.000283849 0.00571205 -0.488582 0.613741 -0.0565829 0.00571205 0.771855 
0.395732 -0.399525 0.0499416 -0.00526448 -0.488627 -0.399525 0.660924 -0.0539323 0.00617834 0.613711 0.0499416 -0.0539323 0.00732792 -0.000631273 -0.0565872 -0.00526448 0.00617834 -0.000631273 0.000284927 0.00570563 -0.488627 0.613711 -0.0565872 0.00570563 0.771937 
0.395798 -0.399547 0.0499539 -0.00525624 -0.488675 -0.399547 0.66098 -0.0539415 0.00617588 0.613667 0.0499539 -0.0539415 0.00733086 -0.000629646 -0.0565909 -0.00525624 0.00617588 -0.000629646 0.000286117 0.00569849 -0.488675 0.613667 -0.0565909 0.00569849 0.772039 
0.395869 -0.399571 0.0499673 -0.00524724 -0.488728 -0.399571 0.661055 -0.053953 0.00617316 0.613606 0.0499673 -0.053953 0.00733425 -0.000627862 -0.0565936 -0.00524724 0.00617316 -0.000627862 0.000287431 0.00569051 -0.488728 0.613606 -0.0565936 0.00569051 0.772166 
0.395947 -0.399599 0.0499819 -0.00523739 -0.488786 -0.399599 0.661153 -0.0539674 0.00617021 0.613521 0.0499819 -0.0539674 0.00733813 -0.00062591 -0.0565947 -0.00523739 0.00617021 -0.00062591 0.000288883 0.00568153 -0.488786 0.613521 -0.0565947 0.00568153 0.772328 
0.396033 -0.399629 0.0499979 -0.0052266 -0.488851 -0.399629 0.661282 -0.0539853 0.00616704 0.613405 0.0499979 -0.0539853 0.00734261 -0.000623777 -0.0565936 -0.0052266 0.00616704 -0.000623777 0.000290492 0.00567136 -0.488851 0.613405 -0.0565936 0.00567136 0.772532 
0.396126 -0.399662 0.0500153 -0.00521478 -0.488922 -0.399662 0.661449 -0.0540077 0.00616371 0.613249 0.0500153 -0.0540077 0.00734779 -0.000621452 -0.0565895 -0.00521478 0.00616371 -0.000621452 0.000292274 0.00565975 -0.488922 0.613249 -0.0565895 0.00565975 0.772793 
0.396227 -0.399697 0.0500341 -0.00520181 -0.489003 -0.399697 0.661664 -0.0540357 0.00616028 0.613039 0.0500341 -0.0540357 0.0073538 -0.000618924 -0.0565814 -0.00520181 0.00616028 -0.000618924 0.000294252 0.00564638 -0.489003 0.613039 -0.0565814 0.00564638 0.773126 
0.396339 -0.399734 0.0500546 -0.00518757 -0.489094 -0.399734 0.661941 -0.0540704 0.00615688 0.61276 0.0500546 -0.0540704 0.0073608 -0.000616185 -0.0565678 -0.00518757 0.00615688 -0.000616185 0.00029645 0.00563091 -0.489094 0.61276 -0.0565678 0.00563091 0.773551 
0.396462 -0.399772 0.0500766 -0.00517188 -0.489198 -0.399772 0.662295 -0.0541136 0.00615366 0.612393 0.0500766 -0.0541136 0.00736897 -0.000613227 -0.056547 -0.00517188 0.00615366 -0.000613227 0.000298899 0.00561282 -0.489198 0.612393 -0.056547 0.00561282 0.774097 
0.396598 -0.39981 0.0501004 -0.00515457 -0.489319 -0.39981 0.662747 -0.0541672 0.00615081 0.611913 0.0501004 -0.0541672 0.00737854 -0.000610045 -0.056517 -0.00515457 0.00615081 -0.000610045 0.00030163 0.00559153 -0.489319 0.611913 -0.056517 0.00559153 0.774795 
0.396749 -0.399846 0.0501258 -0.00513545 -0.489459 -0.399846 0.663318 -0.0542335 0.00614863 0.611291 0.0501258 -0.0542335 0.00738976 -0.00060664 -0.0564749 -0.00513545 0.00614863 -0.00060664 0.000304681 0.00556634 -0.489459 0.611291 -0.0564749 0.00556634 0.775686 
0.396917 -0.399879 0.050153 -0.00511425 -0.489624 -0.399879 0.664037 -0.0543153 0.00614745 0.610488 0.050153 -0.0543153 0.00740295 -0.000603014 -0.0564175 -0.00511425 0.00614745 -0.000603014 0.0003081 0.00553628 -0.489624 0.610488 -0.0564175 0.00553628 0.776821 
0.397106 -0.399905 0.0501819 -0.0050907 -0.489822 -0.399905 0.664938 -0.0544161 0.00614772 0.60946 0.0501819 -0.0544161 0.0074185 -0.000599178 -0.0563408 -0.0050907 0.00614772 -0.000599178 0.000311936 0.0055003 -0.489822 0.60946 -0.0563408 0.0055003 0.778264 
0.397318 -0.39992 0.0502124 -0.00506445 -0.490058 -0.39992 0.666062 -0.0545399 0.00614999 0.608152 0.0502124 -0.0545399 0.00743682 -0.000595146 -0.0562399 -0.00506445 0.00614999 -0.000595146 0.000316251 0.00545698 -0.490058 0.608152 -0.0562399 0.00545698 0.780093 
0.397559 -0.399919 0.0502444 -0.00503509 -0.490345 -0.399919 0.667453 -0.054691 0.00615494 0.606499 0.0502444 -0.054691 0.00745844 -0.000590945 -0.0561087 -0.00503509 0.00615494 -0.000590945 0.000321117 0.00540471 -0.490345 0.606499 -0.0561087 0.00540471 0.7824 
0.397835 -0.399896 0.0502776 -0.00500213 -0.490693 -0.399896 0.669167 -0.0548752 0.0061634 0.604422 0.0502776 -0.0548752 0.00748394 -0.00058661 -0.0559403 -0.00500213 0.0061634 -0.00058661 0.000326614 0.00534146 -0.490693 0.604422 -0.0559403 0.00534146 0.785302 
0.398152 -0.399843 0.0503119 -0.00496501 -0.491119 -0.399843 0.671266 -0.0550987 0.00617632 0.601831 0.0503119 -0.0550987 0.00751401 -0.000582185 -0.0557263 -0.00496501 0.00617632 -0.000582185 0.000332839 0.00526484 -0.491119 0.601831 -0.0557263 0.00526484 0.788935 
0.398521 -0.399751 0.0503467 -0.00492302 -0.491642 -0.399751 0.673822 -0.0553685 0.00619482 0.598616 0.0503467 -0.0553685 0.00754943 -0.000577724 -0.0554568 -0.00492302 0.00619482 -0.000577724 0.000339905 0.00517194 -0.491642 0.598616 -0.0554568 0.00517194 0.793463 
0.398952 -0.399608 0.0503818 -0.00487534 -0.492286 -0.399608 0.676913 -0.0556927 0.00622022 0.594655 0.0503818 -0.0556927 0.00759111 -0.000573296 -0.0551204 -0.00487534 0.00622022 -0.000573296 0.00034794 0.00505937 -0.492286 0.594655 -0.0551204 0.00505937 0.799083 
0.399461 -0.399401 0.0504165 -0.004821 -0.493079 -0.399401 0.680627 -0.0560804 0.00625398 0.589803 0.0504165 -0.0560804 0.00764005 -0.000568978 -0.0547041 -0.004821 0.00625398 -0.000568978 0.000357096 0.0049231 -0.493079 0.589803 -0.0547041 0.0049231 0.806022 
0.400064 -0.399114 0.0504503 -0.0047588 -0.494056 -0.399114 0.685059 -0.0565414 0.00629768 0.583902 0.0504503 -0.0565414 0.00769736 -0.000564861 -0.0541925 -0.0047588 0.00629768 -0.000564861 0.000367547 0.00475844 -0.494056 0.583902 -0.0541925 0.00475844 0.814548 
0.400786 -0.398728 0.0504826 -0.00468738 -0.495259 -0.398728 0.690311 -0.0570866 0.00635304 0.576772 0.0504826 -0.0570866 0.00776429 -0.00056104 -0.0535693 -0.00468738 0.00635304 -0.00056104 0.000379492 0.00455998 -0.495259 0.576772 -0.0535693 0.00455998 0.824968 
0.401653 -0.398225 0.0505127 -0.00460506 -0.496737 -0.398225 0.696488 -0.0577273 0.0064218 0.568217 0.0505127 -0.0577273 0.00784223 -0.000557612 -0.0528153 -0.00460506 0.0064218 -0.000557612 0.000393163 0.00432146 -0.496737 0.568217 -0.0528153 0.00432146 0.837636 
0.402702 -0.397583 0.0505402 -0.00450992 -0.498548 -0.397583 0.703697 -0.0584755 0.00650567 0.558024 0.0505402 -0.0584755 0.00793261 -0.000554669 -0.0519105 -0.00450992 0.00650567 -0.000554669 0.000408823 0.00403588 -0.498548 0.558024 -0.0519105 0.00403588 0.852948 
0.403977 -0.396781 0.0505647 -0.00439965 -0.50076 -0.396781 0.712043 -0.0593436 0.00660615 0.545972 0.0505647 -0.0593436 0.00803702 -0.000552288 -0.050833 -0.00439965 0.00660615 -0.000552288 0.000426771 0.00369532 -0.50076 0.545972 -0.050833 0.00369532 0.87135 
0.40553 -0.395799 0.0505864 -0.00427162 -0.50345 -0.395799 0.721619 -0.0603436 0.00672447 0.531832 0.0505864 -0.0603436 0.00815709 -0.000550521 -0.0495599 -0.00427162 0.00672447 -0.000550521 0.000447343 0.00329109 -0.50345 0.531832 -0.0495599 0.00329109 0.893331 
0.407429 -0.394618 0.050606 -0.00412274 -0.506706 -0.394618 0.732509 -0.0614868 0.00686121 0.515377 0.050606 -0.0614868 0.00829453 -0.000549366 -0.0480677 -0.00412274 0.00686121 -0.000549366 0.000470919 0.00281375 -0.506706 0.515377 -0.0480677 0.00281375 0.919421 
0.409754 -0.39323 0.0506253 -0.00394946 -0.510626 -0.39323 0.744773 -0.0627841 0.00701607 0.496394 0.0506253 -0.0627841 0.00845104 -0.000548752 -0.0463337 -0.00394946 0.00701607 -0.000548752 0.000497918 0.00225326 -0.510626 0.496394 -0.0463337 0.00225326 0.950183 
0.412604 -0.391635 0.0506474 -0.00374779 -0.515316 -0.391635 0.758443 -0.0642441 0.0071875 0.474698 0.0506474 -0.0642441 0.00862838 -0.000548505 -0.044336 -0.00374779 0.0071875 -0.000548505 0.000528801 0.0015992 -0.515316 0.474698 -0.044336 0.0015992 0.986201 
0.416099 -0.389849 0.0506776 -0.00351322 -0.520888 -0.389849 0.773516 -0.0658737 0.00737224 0.450145 0.0506776 -0.0658737 0.00882819 -0.000548316 -0.0420558 -0.00351322 0.00737224 -0.000548316 0.000564072 0.000841163 -0.520888 0.450145 -0.0420558 0.000841163 1.02806 
0.420381 -0.387916 0.0507238 -0.00324077 -0.527456 -0.387916 0.789941 -0.0676767 0.00756471 0.422655 0.0507238 -0.0676767 0.00905212 -0.000547689 -0.0394785 -0.00324077 0.00756471 -0.000547689 0.000604268 -3.09199e-05 -0.527456 0.422655 -0.0394785 -3.09199e-05 1.07633 
0.425621 -0.385911 0.0507977 -0.00292507 -0.53513 -0.385911 0.807626 -0.0696543 0.00775646 0.392236 0.0507977 -0.0696543 0.00930172 -0.000545899 -0.0365952 -0.00292507 0.00775646 -0.000545899 0.000649956 -0.00102594 -0.53513 0.392236 -0.0365952 -0.00102594 1.13152 
0.43202 -0.383959 0.0509158 -0.00256041 -0.544007 -0.383959 0.826424 -0.0718046 0.00793538 0.359004 0.0509158 -0.0718046 0.00957852 -0.00054193 -0.0334055 -0.00256041 0.00793538 -0.00054193 0.00070172 -0.00215106 -0.544007 0.359004 -0.0334055 -0.00215106 1.19405 
0.439813 -0.382244 0.0511011 -0.00214095 -0.554157 -0.382244 0.846143 -0.074123 0.00808498 0.323216 0.0511011 -0.074123 0.00988402 -0.000534419 -0.029919 -0.00214095 0.00808498 -0.000534419 0.000760145 -0.0034105 -0.554157 0.323216 -0.029919 -0.0034105 1.26421 
0.449268 -0.381033 0.051384 -0.00166099 -0.565611 -0.381033 0.866563 -0.0766039 0.00818356 0.285289 0.051384 -0.0766039 0.0102199 -0.000521597 -0.0261573 -0.00166099 0.00818356 -0.000521597 0.000825796 -0.00480446 -0.565611 0.285289 -0.0261573 -0.00480446 1.34208 
0.460695 -0.380691 0.051805 -0.00111529 -0.578334 -0.380691 0.887455 -0.0792423 0.00820367 0.245816 0.051805 -0.0792423 0.010588 -0.000501235 -0.0221553 -0.00111529 0.00820367 -0.000501235 0.000899188 -0.0063277 -0.578334 0.245816 -0.0221553 -0.0063277 1.42749 
0.474434 -0.381706 0.0524156 -0.00049966 -0.592206 -0.381706 0.908628 -0.0820378 0.00811137 0.20558 0.0524156 -0.0820378 0.010991 -0.000470616 -0.0179624 -0.00049966 0.00811137 -0.000470616 0.000980753 -0.00796802 -0.592206 0.20558 -0.0179624 -0.00796802 1.51994 
0.490859 -0.384709 0.0532811 0.000188474 -0.606983 -0.384709 0.929989 -0.0849994 0.00786618 0.165545 0.0532811 -0.0849994 0.0114324 -0.000426517 -0.0136418 0.000188474 0.00786618 -0.000426516 0.00107079 -0.00970457 -0.606983 0.165545 -0.0136418 -0.00970457 1.61853 
0.510368 -0.390496 0.0544813 0.00094921 -0.62227 -0.390496 0.951627 -0.0881523 0.00742118 0.126829 0.0544813 -0.0881523 0.0119174 -0.00036524 -0.00926796 0.00094921 0.00742118 -0.00036524 0.00116945 -0.0115065 -0.62227 0.126829 -0.00926796 -0.0115065 1.72193 
0.533367 -0.400039 0.0561121 0.0017792 -0.63748 -0.400039 0.973917 -0.0915471 0.00672422 0.0906417 0.0561121 -0.0915471 0.0124533 -0.000282719 -0.00492215 0.0017792 0.00672422 -0.000282719 0.00127663 -0.0133315 -0.63748 0.0906417 -0.00492215 -0.0133315 1.8283 
0.560254 -0.414495 0.0582852 0.0026706 -0.651795 -0.414495 0.997651 -0.0952689 0.00571946 0.0581906 0.0582852 -0.0952689 0.0130504 -0.000174669 -0.000685036 0.0026706 0.00571946 -0.000174669 0.00139198 -0.015125 -0.651795 0.0581906 -0.000685036 -0.015125 1.93532 
0.591393 -0.435189 0.0611267 0.00360996 -0.664138 -0.435189 1.02417 -0.0994496 0.00435055 0.0305438 0.0611267 -0.0994496 0.0137231 -3.68534e-05 0.00337483 0.00360996 0.00435055 -3.68534e-05 0.00151481 -0.0168207 -0.664138 0.0305438 0.00337483 -0.0168207 2.04021 
0.627076 -0.463581 0.0647736 0.0045771 -0.673154 -0.463581 1.05552 -0.104277 0.00256482 0.00845551 0.0647736 -0.104277 0.0144898 0.000134551 0.00721441 0.0045771 0.00256482 0.000134551 0.00164412 -0.018341 -0.673154 0.00845551 0.00721441 -0.018341 2.13979 
0.667493 -0.501211 0.0693674 0.00554434 -0.677214 -0.501211 1.09453 -0.110004 0.000318564 -0.00784254 0.0693674 -0.110004 0.0153744 0.000342507 0.0108328 0.00554434 0.000318564 0.000342507 0.00177854 -0.0196006 -0.677214 -0.00784254 0.0108328 -0.0196006 2.23072 
0.712682 -0.549591 0.0750455 0.00647606 -0.674439 -0.549591 1.14491 -0.116952 -0.00241639 -0.0188665 0.0750455 -0.116952 0.0164057 0.000588567 0.0142889 0.00647606 -0.00241639 0.000588567 0.00191636 -0.0205105 -0.674439 -0.0188665 0.0142889 -0.0205105 2.30967 
0.762491 -0.61009 0.081929 0.00732897 -0.662779 -0.61009 1.21117 -0.125506 -0.00564605 -0.0260823 0.081929 -0.125506 0.0176167 0.000872333 0.0177167 0.00732897 -0.00564605 0.000872333 0.00205564 -0.0209848 -0.662779 -0.0260823 0.0177167 -0.0209848 2.37364 
0.816545 -0.683772 0.0901084 0.00805327 -0.640119 -0.683772 1.29851 -0.136097 -0.00934762 -0.0320568 0.0901084 -0.136097 0.0190436 0.00119091 0.0213365 0.00805327 -0.00934762 0.00119091 0.00219426 -0.020948 -0.640119 -0.0320568 0.0213365 -0.020948 2.42035 
0.874216 -0.771224 0.0996282 0.0085947 -0.60444 -0.771224 1.41249 -0.149181 -0.0134642 -0.0405056 0.0996282 -0.149181 0.0207227 0.00153853 0.0254571 0.0085947 -0.0134642 0.00153853 0.00233009 -0.020344 -0.60444 -0.0405056 0.0254571 -0.020344 2.44851 
0.934629 -0.872393 0.110472 0.00889774 -0.553998 -0.872393 1.55858 -0.165192 -0.0179031 -0.0561925 0.110472 -0.165192 0.0226872 0.0019064 0.0304655 0.00889774 -0.0179031 0.0019064 0.00246115 -0.0191444 -0.553998 -0.0561925 0.0304655 -0.0191444 2.45818 
0.996678 -0.986449 0.122551 0.00890957 -0.48754 -0.986449 1.74155 -0.184495 -0.022536 -0.0846603 0.122551 -0.184495 0.0249624 0.00228283 0.0368033 0.00890957 -0.022536 0.00228283 0.00258582 -0.0173557 -0.48754 -0.0846603 0.0368033 -0.0173557 2.45091 
1.05908 -1.11171 0.135698 0.00858449 -0.404487 -1.11171 1.9649 -0.207334 -0.0272058 -0.131787 0.135698 -0.207334 0.0275619 0.00265384 0.0449283 0.00858449 -0.0272058 0.00265384 0.00270293 -0.0150228 -0.404487 -0.131787 0.0449283 -0.0150228 2.42978 
1.12046 -1.24566 0.149667 0.0078882 -0.305093 -1.24566 2.23016 -0.233778 -0.0317358 -0.203208 0.149667 -0.233778 0.0304828 0.003004 0.0552663 0.0078882 -0.0317358 0.003004 0.00281195 -0.0122294 -0.305093 -0.203208 0.0552663 -0.0122294 2.3992 
1.17943 -1.38502 0.164147 0.0068013 -0.190513 -1.38502 2.53648 -0.263684 -0.0359437 -0.303678 0.164147 -0.263684 0.0337033 0.00331767 0.0681582 0.0068013 -0.0359437 0.00331767 0.00291299 -0.00909318 -0.190513 -0.303678 0.0681582 -0.00909318 2.36454 
1.23469 -1.52601 0.178777 0.00532143 -0.0627929 -1.52601 2.88036 -0.296681 -0.0396564 -0.436474 0.178777 -0.296681 0.0371814 0.00358025 0.0838122 0.00532143 -0.0396564 0.00358025 0.00300679 -0.00575655 -0.0627929 -0.436474 0.0838122 -0.00575655 2.33157 
1.28516 -1.66455 0.193174 0.0034637 0.0752413 -1.66455 3.25569 -0.332176 -0.0427248 -0.602925 0.193174 -0.332176 0.0408563 0.00377947 0.102267 0.0034637 -0.0427248 0.00377947 0.0030946 -0.00237504 0.0752414 -0.602925 0.102267 -0.00237504 2.30591 
1.33001 -1.7966 0.20696 0.00125904 0.220195 -1.7966 3.65415 -0.369392 -0.0450359 -0.802181 0.20696 -0.369392 0.0446518 0.00390636 0.123375 0.00125904 -0.0450359 0.00390636 0.00317805 0.000896398 0.220195 -0.802181 0.123375 0.000896405 2.29239 
1.36873 -1.91848 0.219789 -0.00124878 0.368349 -1.91848 4.06576 -0.40742 -0.0465203 -1.03122 0.219789 -0.40742 0.0484819 0.00395585 0.14681 -0.00124878 -0.0465203 0.00395585 0.00325893 0.00391604 0.368349 -1.03122 0.14681 0.00391604 2.29461 
1.40114 -2.02707 0.231371 -0.00400754 0.515955 -2.02707 4.47978 -0.445293 -0.0471543 -1.28513 0.231371 -0.445293 0.0522568 0.0039269 0.17209 -0.00400754 -0.0471543 0.0039269 0.00333901 0.00656566 0.515955 -1.28513 0.17209 0.00656566 2.31469 
1.42738 -2.12004 0.241485 -0.00696108 0.659482 -2.12004 4.8854 -0.482056 -0.0469574 -1.55758 0.241485 -0.482056 0.0558896 0.00382221 0.198624 -0.00696108 -0.0469574 0.00382221 0.00341987 0.0087571 0.659482 -1.55758 0.198624 0.00875711 2.35312 
1.44785 -2.19587 0.249991 -0.010054 0.795841 -2.19587 5.27261 -0.516833 -0.0459856 -1.84136 0.249991 -0.516833 0.059302 0.00364757 0.22576 -0.010054 -0.0459856 0.00364758 0.00350284 0.0104348 0.795841 -1.84136 0.22576 0.0104348 2.40893 
1.46317 -2.25392 0.256828 -0.0132354 0.922527 -2.25392 5.63274 -0.548875 -0.0443213 -2.12904 0.256828 -0.548875 0.0624285 0.003411 0.252834 -0.0132354 -0.0443213 0.003411 0.00358888 0.0115744 0.922527 -2.12904 0.252834 0.0115744 2.47994 
1.4741 -2.2943 0.262005 -0.0164614 1.03769 -2.2943 5.95887 -0.577595 -0.0420637 -2.41344 0.262005 -0.577595 0.0652189 0.0031218 0.279224 -0.0164614 -0.0420637 0.00312181 0.0036786 0.0121791 1.03769 -2.41344 0.279224 0.0121791 2.56307 
1.4815 -2.31776 0.265592 -0.0196968 1.14014 -2.31776 6.24599 -0.602581 -0.0393183 -2.68812 0.265592 -0.602581 0.0676399 0.00278973 0.304376 -0.0196968 -0.0393183 0.00278974 0.00377229 0.0122735 1.14014 -2.68812 0.304376 0.0122735 2.65477 
1.48625 -2.32555 0.267707 -0.0229158 1.22931 -2.32555 6.49103 -0.623593 -0.0361888 -2.94759 0.267707 -0.623593 0.0696736 0.00242426 0.327831 -0.0229158 -0.0361888 0.00242426 0.00386996 0.011897 1.22931 -2.94759 0.327831 0.011897 2.7513 
1.48923 -2.31928 0.268502 -0.0261015 1.30518 -2.31928 6.69264 -0.640545 -0.032771 -3.18754 0.268502 -0.640545 0.0713167 0.00203401 0.34924 -0.0261015 -0.032771 0.00203401 0.00397143 0.0110982 1.30518 -3.18754 0.34924 0.0110982 2.84905 
1.49128 -2.30075 0.268148 -0.0292449 1.36815 -2.30075 6.851 -0.653486 -0.029148 -3.40483 0.268148 -0.653486 0.0725782 0.00162644 0.368358 -0.0292449 -0.029148 0.00162645 0.00407635 0.00992893 1.36815 -3.40483 0.368358 0.00992893 2.94475 
1.49318 -2.27187 0.266829 -0.0323435 1.41899 -2.27187 6.96747 -0.66257 -0.0253886 -3.59743 0.266829 -0.66257 0.0734763 0.0012077 0.385041 -0.0323435 -0.0253886 0.00120771 0.00418426 0.00844038 1.41899 -3.59743 0.385041 0.00844038 3.03561 
1.49565 -2.23453 0.264727 -0.0354001 1.45869 -2.23453 7.04433 -0.668033 -0.0215465 -3.7643 0.264727 -0.668033 0.0740368 0.000782557 0.399235 -0.0354001 -0.0215465 0.000782559 0.00429468 0.0066801 1.45869 -3.7643 0.399235 0.0066801 3.11935 
1.49934 -2.19057 0.262024 -0.0384211 1.4884 -2.19057 7.08446 -0.670162 -0.0176611 -3.90526 0.262024 -0.670162 0.0742901 0.000354514 0.410961 -0.0384211 -0.0176611 0.000354516 0.00440708 0.00469016 1.4884 -3.90526 0.410961 0.00469016 3.19425 
1.50484 -2.14175 0.258892 -0.0414151 1.50939 -2.14175 7.09117 -0.669282 -0.0137586 -4.02081 0.258892 -0.669282 0.07427 -7.40448e-05 0.4203 -0.0414151 -0.0137586 -7.40448e-05 0.00452091 0.00250621 1.50939 -4.02081 0.4203 0.00250621 3.25915 
1.51266 -2.08968 0.255493 -0.0443913 1.52294 -2.08968 7.06792 -0.665732 -0.00985469 -4.11199 0.255493 -0.665732 0.0740114 -0.000501636 0.427382 -0.0443913 -0.00985469 -0.000501636 0.00463564 0.000157714 1.52294 -4.11199 0.427382 0.000157714 3.31332 
1.52328 -2.03584 0.251976 -0.0473592 1.53034 -2.03584 7.01823 -0.659856 -0.00595579 -4.18024 0.251976 -0.659856 0.0735497 -0.000927506 0.432369 -0.0473592 -0.00595579 -0.000927506 0.00475071 -0.00233197 1.53034 -4.18024 0.432369 -0.00233197 3.3565 
1.53709 -1.9816 0.248481 -0.0503266 1.53287 -1.9816 6.94557 -0.651993 -0.0020622 -4.22726 0.248481 -0.651993 0.0729199 -0.00135137 0.43545 -0.0503266 -0.0020622 -0.00135137 0.00486557 -0.00494426 1.53287 -4.22726 0.43545 -0.00494424 3.38874 
1.55446 -1.92819 0.245134 -0.0532996 1.53174 -1.92819 6.85326 -0.642471 0.00183046 -4.25495 0.245134 -0.642471 0.0721557 -0.00177321 0.436826 -0.0532996 0.00183046 -0.00177321 0.00497962 -0.0076645 1.53174 -4.25495 0.436826 -0.0076645 3.41045 
1.57568 -1.87673 0.24205 -0.0562815 1.5281 -1.87673 6.74448 -0.631605 0.00572905 -4.26533 0.24205 -0.631605 0.0712896 -0.00219312 0.436711 -0.0562815 0.00572905 -0.00219312 0.00509228 -0.010481 1.5281 -4.26533 0.436711 -0.010481 3.42225 
1.601 -1.82824 0.239332 -0.0592723 1.52305 -1.82824 6.6222 -0.61969 0.00964078 -4.26043 0.239332 -0.61969 0.0703522 -0.00261108 0.435319 -0.0592723 0.00964078 -0.00261107 0.0052029 -0.0133831 1.52305 -4.26043 0.435319 -0.0133831 3.42491 
1.63057 -1.78363 0.237072 -0.0622683 1.51757 -1.78363 6.48918 -0.607006 0.0135721 -4.24234 0.237072 -0.607006 0.0693722 -0.00302682 0.432867 -0.0622683 0.0135721 -0.00302682 0.00531081 -0.0163606 1.51757 -4.24234 0.432867 -0.0163606 3.4194 
1.6645 -1.74371 0.235349 -0.0652618 1.5126 -1.74371 6.34801 -0.593812 0.0175268 -4.21306 0.235349 -0.593812 0.0683762 -0.00343971 0.429564 -0.0652618 0.0175268 -0.00343971 0.00541531 -0.0194021 1.5126 -4.21306 0.429564 -0.0194021 3.40677 
1.70279 -1.70918 0.234225 -0.0682408 1.50893 -1.70918 6.2011 -0.580349 0.0215052 -4.17461 0.234225 -0.580349 0.0673885 -0.00384858 0.425614 -0.0682408 0.0215052 -0.00384858 0.00551567 -0.0224942 1.50893 -4.17461 0.425614 -0.0224942 3.38813 
1.74534 -1.68064 0.233752 -0.0711889 1.50727 -1.68064 6.05064 -0.566841 0.0255027 -4.12887 0.233752 -0.566841 0.0664311 -0.00425171 0.421207 -0.0711889 0.0255027 -0.00425171 0.00561114 -0.0256205 1.50727 -4.12887 0.421207 -0.0256205 3.36462 
1.79192 -1.65855 0.233958 -0.0740856 1.50818 -1.65855 5.89865 -0.553484 0.0295089 -4.07764 0.233958 -0.553484 0.0655228 -0.00464675 0.416522 -0.0740856 0.0295089 -0.00464675 0.00570097 -0.0287608 1.50818 -4.07764 0.416522 -0.0287608 3.33736 
1.84219 -1.64322 0.234854 -0.0769064 1.51208 -1.64322 5.74699 -0.540457 0.0335085 -4.02258 0.234854 -0.540457 0.0646794 -0.00503067 0.411718 -0.0769064 0.0335085 -0.00503067 0.00578446 -0.0318912 1.51208 -4.02258 0.411718 -0.0318912 3.30745 
1.89566 -1.6348 0.23643 -0.0796233 1.51923 -1.6348 5.59726 -0.527912 0.0374786 -3.96523 0.23643 -0.527912 0.0639132 -0.00539982 0.406935 -0.0796233 0.0374786 -0.00539982 0.00586094 -0.0349824 1.51923 -3.96523 0.406935 -0.0349824 3.27589 
1.95167 -1.63326 0.238647 -0.0822058 1.52969 -1.63326 5.45088 -0.515967 0.0413911 -3.9069 0.238647 -0.515967 0.0632322 -0.00574997 0.402286 -0.0822058 0.0413911 -0.00574997 0.00592984 -0.0380021 1.52969 -3.9069 0.402286 -0.0380021 3.24358 
2.00944 -1.63836 0.241444 -0.0846217 1.54335 -1.63836 5.30903 -0.504714 0.0452118 -3.84872 0.241444 -0.504714 0.0626401 -0.00607643 0.397857 -0.0846217 0.0452118 -0.00607643 0.00599069 -0.0409127 1.54335 -3.84872 0.397857 -0.0409127 3.21125 
2.06803 -1.64965 0.24473 -0.0868386 1.55988 -1.64965 5.17261 -0.494206 0.048902 -3.7916 0.24473 -0.494206 0.0621361 -0.00637418 0.393702 -0.0868386 0.048902 -0.00637418 0.00604322 -0.0436746 1.55989 -3.7916 0.393702 -0.0436746 3.17951 
2.12638 -1.66643 0.24839 -0.0888247 1.57876 -1.66643 5.04226 -0.484463 0.0524195 -3.73613 0.24839 -0.484463 0.061714 -0.00663809 0.389842 -0.0888247 0.0524195 -0.00663809 0.00608733 -0.0462458 1.57876 -3.73613 0.389842 -0.0462458 3.14869 
2.18332 -1.68783 0.252283 -0.0905512 1.59926 -1.68783 4.91833 -0.475461 0.0557207 -3.68273 0.252283 -0.475461 0.0613629 -0.00686317 0.386262 -0.0905512 0.0557207 -0.00686317 0.00612313 -0.0485841 1.59926 -3.68273 0.386262 -0.0485841 3.11896 
2.23762 -1.71275 0.256247 -0.0919936 1.62048 -1.71275 4.8008 -0.467141 0.0587613 -3.63139 0.256247 -0.467141 0.0610674 -0.00704477 0.382913 -0.0919936 0.0587613 -0.00704477 0.00615099 -0.050648 1.62048 -3.63139 0.382913 -0.050648 3.09021 
2.28802 -1.73992 0.260105 -0.0931329 1.64136 -1.73992 4.68942 -0.459405 0.0615005 -3.58196 0.260105 -0.459405 0.0608076 -0.00717894 0.379713 -0.0931329 0.0615005 -0.00717894 0.00617152 -0.0524005 1.64136 -3.58196 0.379713 -0.0524005 3.06213 
2.33331 -1.76795 0.263673 -0.0939576 1.66077 -1.76795 4.58365 -0.452128 0.0639014 -3.53398 0.263673 -0.452128 0.0605605 -0.00726262 0.376556 -0.0939576 0.0639014 -0.00726261 0.0061856 -0.0538086 1.66077 -3.53398 0.376556 -0.0538086 3.03424 
2.37234 -1.79539 0.266764 -0.0944645 1.67751 -1.79539 4.48266 -0.445152 0.0659339 -3.48675 0.266764 -0.445152 0.0603007 -0.00729387 0.373308 -0.0944645 0.0659339 -0.00729387 0.00619431 -0.0548463 1.67751 -3.48675 0.373308 -0.0548463 3.00582 
2.40411 -1.82076 0.269199 -0.0946594 1.69038 -1.82076 4.38545 -0.438308 0.0675771 -3.43945 0.269199 -0.438308 0.0600017 -0.00727216 0.369826 -0.0946594 0.0675771 -0.00727216 0.00619896 -0.0554972 1.69038 -3.43945 0.369826 -0.0554972 2.97609 
2.42781 -1.84266 0.270818 -0.0945574 1.69825 -1.84266 4.29091 -0.431419 0.0688194 -3.39111 0.270818 -0.431419 0.0596378 -0.00719836 0.365963 -0.0945574 0.0688194 -0.00719836 0.00620102 -0.0557532 1.69825 -3.39111 0.365963 -0.0557532 2.94415 
2.44288 -1.85981 0.271484 -0.0941828 1.70014 -1.85981 4.19787 -0.424304 0.0696609 -3.34077 0.271484 -0.424304 0.0591844 -0.00707477 0.361569 -0.0941828 0.0696609 -0.00707477 0.00620205 -0.0556177 1.70014 -3.34077 0.361569 -0.0556177 2.90912 
2.44901 -1.87113 0.271095 -0.0935679 1.69523 -1.87113 4.10515 -0.416806 0.0701123 -3.28745 0.271095 -0.416806 0.0586209 -0.00690527 0.356519 -0.0935679 0.0701123 -0.00690527 0.00620367 -0.0551029 1.69523 -3.28745 0.356519 -0.0551029 2.87013 
2.44616 -1.87579 0.269584 -0.0927521 1.68294 -1.87579 4.0117 -0.408781 0.0701964 -3.23032 0.269584 -0.408781 0.0579304 -0.00669489 0.3507 -0.0927521 0.0701964 -0.00669489 0.00620752 -0.0542324 1.68294 -3.23032 0.3507 -0.0542324 2.8265 
2.43461 -1.87321 0.266927 -0.0917804 1.66295 -1.87321 3.9166 -0.400122 0.0699437 -3.16869 0.266927 -0.400122 0.0571017 -0.00644986 0.344034 -0.0917804 0.0699437 -0.00644986 0.00621513 -0.0530369 1.66295 -3.16869 0.344034 -0.0530369 2.77762 
2.41488 -1.86316 0.263141 -0.0907011 1.63518 -1.86316 3.81912 -0.390753 0.0693946 -3.10204 0.263141 -0.390753 0.0561292 -0.00617721 0.336477 -0.0907011 0.0693946 -0.00617721 0.00622795 -0.0515556 1.63518 -3.10204 0.336477 -0.0515556 2.72319 
2.38775 -1.84565 0.258282 -0.0895641 1.59984 -1.84565 3.71887 -0.380645 0.0685961 -3.03017 0.258282 -0.380645 0.0550135 -0.00588457 0.32802 -0.0895641 0.0685961 -0.00588457 0.00624728 -0.0498323 1.59984 -3.03017 0.32802 -0.0498323 2.66309 
2.35418 -1.82102 0.252444 -0.088419 1.55737 -1.82102 3.61572 -0.369806 0.0675992 -2.95309 0.252444 -0.369806 0.053761 -0.00557977 0.318691 -0.088419 0.0675992 -0.00557976 0.00627423 -0.0479139 1.55737 -2.95309 0.318691 -0.0479139 2.59739 
2.31529 -1.78986 0.245749 -0.0873138 1.50844 -1.78986 3.50964 -0.358279 0.0664551 -2.87099 0.245749 -0.358279 0.0523832 -0.00527056 0.308548 -0.0873138 0.0664551 -0.00527056 0.00630968 -0.0458472 1.50844 -2.87099 0.308548 -0.0458472 2.52641 
2.27232 -1.75294 0.238344 -0.0862923 1.45386 -1.75294 3.40105 -0.346145 0.0652182 -2.78439 0.238344 -0.346145 0.0508964 -0.00496443 0.297687 -0.0862923 0.0652182 -0.00496443 0.00635434 -0.0436811 1.45386 -2.78439 0.297687 -0.0436811 2.45071 
2.22652 -1.71122 0.230392 -0.0853941 1.3946 -1.71122 3.2905 -0.333515 0.0639379 -2.69394 0.230392 -0.333515 0.0493205 -0.00466833 0.286221 -0.0853941 0.0639379 -0.00466833 0.00640871 -0.0414594 1.3946 -2.69394 0.286221 -0.0414594 2.37098 
2.17916 -1.66575 0.222065 -0.0846529 1.33168 -1.66575 3.1787 -0.320515 0.0626616 -2.60042 0.222065 -0.320515 0.0476779 -0.00438841 0.274279 -0.0846529 0.0626616 -0.00438841 0.00647308 -0.0392231 1.33168 -2.60042 0.274279 -0.0392231 2.28802 
2.13147 -1.61766 0.213536 -0.0840966 1.26616 -1.61766 3.06651 -0.307293 0.0614318 -2.50474 0.213536 -0.307293 0.0459925 -0.00413007 0.262008 -0.0840966 0.0614318 -0.00413007 0.00654757 -0.0370083 1.26616 -2.50474 0.262008 -0.0370083 2.20274 
2.08456 -1.56807 0.204973 -0.0837469 1.19908 -1.56807 2.95482 -0.294001 0.060284 -2.40789 0.204973 -0.294001 0.0442888 -0.00389768 0.249556 -0.0837469 0.060284 -0.00389768 0.00663213 -0.0348456 1.19908 -2.40789 0.249556 -0.0348456 2.11613 
2.03947 -1.51803 0.196536 -0.0836189 1.13143 -1.51803 2.84464 -0.280791 0.0592489 -2.31084 0.196536 -0.280791 0.0425907 -0.00369477 0.237065 -0.0836189 0.0592489 -0.00369477 0.00672656 -0.0327593 1.13143 -2.31084 0.237065 -0.0327593 2.0291 
1.99709 -1.46858 0.188369 -0.083722 1.06413 -1.46858 2.73687 -0.26781 0.0583498 -2.21456 0.188369 -0.26781 0.0409214 -0.00352388 0.22468 -0.083722 0.0583498 -0.00352388 0.00683055 -0.0307685 1.06413 -2.21456 0.22468 -0.0307685 1.94261 
1.95813 -1.42062 0.180599 -0.08406 0.997986 -1.42062 2.63244 -0.255197 0.0576044 -2.11992 0.180599 -0.255197 0.0393017 -0.00338666 0.212525 -0.08406 0.0576044 -0.00338666 0.00694367 -0.028886 0.997986 -2.11992 0.212525 -0.028886 1.85744 
