6 8
0.083890 0.119590 0.159490 0.149721 0.132263 0.114973 0.097970 0.142102 
0.884263 0.568744 -0.622393 0.222157 0.017322 1.170568 
3.159771 -4.355565 4.768253 -0.216301 0.088533 6.583078 
6.103322 -7.568592 8.476867 -1.223726 0.192104 11.459016 
9.365378 -7.464281 12.288395 -1.920795 0.222347 14.538853 
12.501841 -6.144605 15.954843 -2.840655 0.270533 17.358553 
15.063115 -6.295012 16.434440 -5.509989 0.824424 18.503581 
17.421582 -6.286333 14.683525 -8.988251 1.642512 18.484596 
19.916313 -4.543761 11.240995 -11.495222 2.256998 17.038718 
0.281989 0.078500 -0.027982 0.039606 -0.002206 0.114088 
0.078500 0.475965 -0.118854 0.084649 -0.015195 0.382495 
-0.027982 -0.118854 0.787337 0.000180 -0.023922 -0.540459 
0.039606 0.084649 0.000180 0.035041 -0.006225 0.068445 
-0.002206 -0.015195 -0.023922 -0.006225 0.002714 0.004672 
0.114088 0.382495 -0.540459 0.068445 0.004672 0.691025 
0.862883 -1.759467 1.289889 -0.387089 0.067277 2.151478 
-1.759467 4.366114 -3.991602 0.873364 -0.150150 -5.890251 
1.289889 -3.991602 6.199893 -0.643931 0.076547 7.166657 
-0.387089 0.873364 -0.643931 0.204545 -0.038752 -1.079458 
0.067277 -0.150150 0.076547 -0.038752 0.013622 0.163939 
2.151478 -5.890251 7.166657 -1.079458 0.163939 9.208756 
1.542892 -0.621521 0.879385 -0.548875 0.083915 1.130463 
-0.621521 0.683065 -0.932485 0.328647 -0.063130 -1.185989 
0.879385 -0.932485 2.268460 -0.381905 0.040670 2.331950 
-0.548875 0.328647 -0.381905 0.238044 -0.045366 -0.531931 
0.083915 -0.063130 0.040670 -0.045366 0.016165 0.078852 
1.130463 -1.185989 2.331950 -0.531931 0.078852 2.571646 
1.330320 0.583252 0.534670 -0.262220 0.043524 0.192821 
0.583252 0.694617 -0.500019 0.003804 -0.012109 -0.781325 
0.534670 -0.500019 2.760058 -0.191959 0.001535 2.620434 
-0.262220 0.003804 -0.191959 0.101156 -0.025602 -0.180423 
0.043524 -0.012109 0.001535 -0.025602 0.010221 0.011749 
0.192821 -0.781325 2.620434 -0.180423 0.011749 2.646538 
1.158197 -0.070855 1.659080 -0.737405 0.108566 1.674618 
-0.070855 1.219867 -1.875287 0.356422 -0.087872 -2.209857 
1.659080 -1.875287 5.796543 -1.427344 0.234770 6.225705 
-0.737405 0.356422 -1.427344 0.583804 -0.099828 -1.536176 
0.108566 -0.087872 0.234770 -0.099828 0.019839 0.263383 
1.674618 -2.209857 6.225705 -1.536176 0.263383 6.756063 
1.036251 -0.536579 1.528553 -1.199506 0.223466 1.912120 
-0.536579 1.228576 -1.741419 0.633146 -0.066822 -2.155415 
1.528553 -1.741419 5.424179 -1.582504 0.166351 5.887056 
-1.199506 0.633146 -1.582504 1.493387 -0.305904 -2.087292 
0.223466 -0.066822 0.166351 -0.305904 0.076798 0.267169 
1.912120 -2.155415 5.887056 -2.087292 0.267169 6.597754 
0.838142 0.308156 0.330713 -0.913117 0.193890 0.611225 
0.308156 1.332477 -0.708761 -0.054819 0.066002 -0.997870 
0.330713 -0.708761 3.546174 -0.090062 -0.069864 3.073923 
-0.913117 -0.054819 -0.090062 1.233723 -0.255600 -0.675130 
0.193890 0.066002 -0.069864 -0.255600 0.064186 0.053513 
0.611225 -0.997870 3.073923 -0.675130 0.053513 3.106366 
1.004950 1.096297 0.079677 0.016897 0.022016 -0.237071 
1.096297 2.393154 0.673419 0.712045 -0.081921 -0.654992 
0.079677 0.673419 4.224745 1.043448 -0.286120 1.787374 
0.016897 0.712045 1.043448 0.743844 -0.128557 -0.019681 
0.022016 -0.081921 -0.286120 -0.128557 0.040585 -0.068516 
-0.237071 -0.654992 1.787374 -0.019681 -0.068516 1.324035 
