0.036863 -0.0434969 0.00140949 0.000330352 -0.0364434 -0.0434969 0.117319 -0.00167561 -0.000284472 0.0463535 0.00140949 -0.00167561 0.000156487 5.10992e-05 -0.0007577 0.000330352 -0.000284472 5.10992e-05 0.000146984 -0.000758065 -0.0364434 0.0463535 -0.0007577 -0.000758065 0.0844018 
0.036863 -0.0434969 0.00140949 0.000330352 -0.0364434 -0.0434969 0.117319 -0.00167561 -0.000284472 0.0463535 0.00140949 -0.00167561 0.000156487 5.10992e-05 -0.0007577 0.000330352 -0.000284472 5.10992e-05 0.000146984 -0.000758065 -0.0364434 0.0463535 -0.0007577 -0.000758065 0.0844018 
0.036863 -0.0434969 0.00140949 0.000330352 -0.0364434 -0.0434969 0.117319 -0.00167561 -0.000284472 0.0463535 0.00140949 -0.00167561 0.000156487 5.10992e-05 -0.000757701 0.000330352 -0.000284472 5.10992e-05 0.000146984 -0.000758065 -0.0364434 0.0463535 -0.000757701 -0.000758065 0.0844018 
0.036863 -0.0434969 0.00140949 0.000330352 -0.0364434 -0.0434969 0.117319 -0.00167561 -0.000284472 0.0463535 0.00140949 -0.00167561 0.000156487 5.10992e-05 -0.000757701 0.000330352 -0.000284472 5.10992e-05 0.000146984 -0.000758065 -0.0364434 0.0463535 -0.000757701 -0.000758065 0.0844018 
0.036863 -0.0434969 0.00140949 0.000330353 -0.0364434 -0.0434969 0.117319 -0.0016756 -0.000284472 0.0463535 0.00140949 -0.0016756 0.000156487 5.10992e-05 -0.000757701 0.000330353 -0.000284472 5.10992e-05 0.000146984 -0.000758065 -0.0364434 0.0463535 -0.000757701 -0.000758065 0.0844018 
0.0368631 -0.0434969 0.00140949 0.000330353 -0.0364434 -0.0434969 0.117319 -0.0016756 -0.000284472 0.0463535 0.00140949 -0.0016756 0.000156487 5.10992e-05 -0.000757701 0.000330353 -0.000284472 5.10992e-05 0.000146984 -0.000758066 -0.0364434 0.0463535 -0.000757701 -0.000758066 0.0844018 
0.0368631 -0.0434969 0.00140949 0.000330353 -0.0364434 -0.0434969 0.117319 -0.00167561 -0.000284472 0.0463535 0.00140949 -0.00167561 0.000156487 5.10993e-05 -0.000757702 0.000330353 -0.000284472 5.10993e-05 0.000146984 -0.000758066 -0.0364434 0.0463535 -0.000757702 -0.000758066 0.0844018 
0.0368631 -0.0434969 0.00140949 0.000330354 -0.0364434 -0.0434969 0.117319 -0.0016756 -0.000284472 0.0463535 0.00140949 -0.0016756 0.000156487 5.10993e-05 -0.000757702 0.000330354 -0.000284472 5.10993e-05 0.000146984 -0.000758066 -0.0364434 0.0463535 -0.000757702 -0.000758066 0.0844018 
0.0368631 -0.0434969 0.00140949 0.000330354 -0.0364434 -0.0434969 0.117319 -0.0016756 -0.000284472 0.0463535 0.00140949 -0.0016756 0.000156487 5.10993e-05 -0.000757703 0.000330354 -0.000284472 5.10993e-05 0.000146984 -0.000758066 -0.0364434 0.0463535 -0.000757703 -0.000758066 0.0844018 
0.0368631 -0.0434969 0.0014095 0.000330354 -0.0364434 -0.0434969 0.117319 -0.0016756 -0.000284472 0.0463535 0.0014095 -0.0016756 0.000156487 5.10993e-05 -0.000757703 0.000330354 -0.000284472 5.10993e-05 0.000146984 -0.000758067 -0.0364434 0.0463535 -0.000757703 -0.000758067 0.0844018 
0.0368631 -0.0434969 0.0014095 0.000330355 -0.0364434 -0.0434969 0.117319 -0.0016756 -0.000284472 0.0463535 0.0014095 -0.0016756 0.000156488 5.10994e-05 -0.000757704 0.000330355 -0.000284472 5.10994e-05 0.000146984 -0.000758067 -0.0364434 0.0463535 -0.000757704 -0.000758067 0.0844018 
0.0368631 -0.0434969 0.0014095 0.000330355 -0.0364435 -0.0434969 0.117319 -0.0016756 -0.000284471 0.0463535 0.0014095 -0.0016756 0.000156488 5.10994e-05 -0.000757705 0.000330355 -0.000284471 5.10994e-05 0.000146984 -0.000758068 -0.0364435 0.0463535 -0.000757705 -0.000758068 0.0844018 
0.0368631 -0.0434969 0.0014095 0.000330356 -0.0364435 -0.0434969 0.117319 -0.0016756 -0.000284471 0.0463535 0.0014095 -0.0016756 0.000156488 5.10994e-05 -0.000757706 0.000330356 -0.000284471 5.10994e-05 0.000146984 -0.000758069 -0.0364435 0.0463535 -0.000757706 -0.000758069 0.0844018 
0.0368631 -0.0434969 0.0014095 0.000330357 -0.0364435 -0.0434969 0.117319 -0.0016756 -0.000284471 0.0463535 0.0014095 -0.0016756 0.000156488 5.10995e-05 -0.000757707 0.000330357 -0.000284471 5.10995e-05 0.000146985 -0.000758069 -0.0364435 0.0463535 -0.000757707 -0.000758069 0.0844019 
0.0368632 -0.0434969 0.0014095 0.000330357 -0.0364435 -0.0434969 0.117319 -0.0016756 -0.000284471 0.0463535 0.0014095 -0.0016756 0.000156488 5.10996e-05 -0.000757708 0.000330357 -0.000284471 5.10996e-05 0.000146985 -0.00075807 -0.0364435 0.0463535 -0.000757708 -0.00075807 0.0844019 
0.0368632 -0.0434969 0.0014095 0.000330358 -0.0364435 -0.0434969 0.117319 -0.0016756 -0.000284471 0.0463535 0.0014095 -0.0016756 0.000156488 5.10996e-05 -0.000757711 0.000330358 -0.000284471 5.10996e-05 0.000146985 -0.000758072 -0.0364435 0.0463535 -0.000757711 -0.000758072 0.0844019 
0.0368632 -0.0434969 0.0014095 0.000330359 -0.0364435 -0.0434969 0.117319 -0.0016756 -0.000284471 0.0463535 0.0014095 -0.0016756 0.000156488 5.10997e-05 -0.000757712 0.000330359 -0.000284471 5.10997e-05 0.000146985 -0.000758073 -0.0364435 0.0463535 -0.000757712 -0.000758073 0.0844019 
0.0368632 -0.0434969 0.00140951 0.000330361 -0.0364436 -0.0434969 0.117319 -0.0016756 -0.000284471 0.0463535 0.00140951 -0.0016756 0.000156488 5.10998e-05 -0.000757714 0.000330361 -0.000284471 5.10998e-05 0.000146985 -0.000758073 -0.0364436 0.0463535 -0.000757714 -0.000758073 0.084402 
0.0368633 -0.0434969 0.00140951 0.000330362 -0.0364436 -0.0434969 0.117319 -0.0016756 -0.000284471 0.0463535 0.00140951 -0.0016756 0.000156488 5.10999e-05 -0.000757716 0.000330362 -0.000284471 5.10999e-05 0.000146985 -0.000758074 -0.0364436 0.0463535 -0.000757716 -0.000758074 0.084402 
0.0368633 -0.0434969 0.00140951 0.000330364 -0.0364436 -0.0434969 0.117319 -0.0016756 -0.000284471 0.0463535 0.00140951 -0.0016756 0.000156489 5.11e-05 -0.000757719 0.000330364 -0.000284471 5.11e-05 0.000146985 -0.000758076 -0.0364436 0.0463535 -0.000757719 -0.000758076 0.084402 
0.0368633 -0.0434969 0.00140951 0.000330366 -0.0364437 -0.0434969 0.117319 -0.0016756 -0.00028447 0.0463535 0.00140951 -0.0016756 0.000156489 5.11001e-05 -0.000757721 0.000330366 -0.00028447 5.11001e-05 0.000146985 -0.000758077 -0.0364437 0.0463535 -0.000757721 -0.000758077 0.0844021 
0.0368634 -0.0434969 0.00140952 0.000330368 -0.0364437 -0.0434969 0.117319 -0.0016756 -0.00028447 0.0463535 0.00140952 -0.0016756 0.000156489 5.11003e-05 -0.000757725 0.000330368 -0.00028447 5.11003e-05 0.000146985 -0.00075808 -0.0364437 0.0463535 -0.000757725 -0.00075808 0.0844021 
0.0368634 -0.0434969 0.00140952 0.00033037 -0.0364438 -0.0434969 0.117319 -0.0016756 -0.00028447 0.0463535 0.00140952 -0.0016756 0.000156489 5.11005e-05 -0.000757728 0.00033037 -0.00028447 5.11005e-05 0.000146985 -0.000758082 -0.0364438 0.0463535 -0.000757728 -0.000758082 0.0844021 
0.0368635 -0.0434969 0.00140953 0.000330373 -0.0364438 -0.0434969 0.117319 -0.0016756 -0.00028447 0.0463535 0.00140953 -0.0016756 0.00015649 5.11007e-05 -0.000757733 0.000330373 -0.00028447 5.11007e-05 0.000146985 -0.000758086 -0.0364438 0.0463535 -0.000757733 -0.000758086 0.0844022 
0.0368636 -0.0434969 0.00140953 0.000330376 -0.0364439 -0.0434969 0.117319 -0.0016756 -0.00028447 0.0463534 0.00140953 -0.0016756 0.00015649 5.1101e-05 -0.000757738 0.000330376 -0.00028447 5.1101e-05 0.000146985 -0.000758089 -0.0364439 0.0463534 -0.000757738 -0.000758089 0.0844023 
0.0368636 -0.0434969 0.00140954 0.00033038 -0.036444 -0.0434969 0.117319 -0.0016756 -0.000284469 0.0463534 0.00140954 -0.0016756 0.000156491 5.11013e-05 -0.000757744 0.00033038 -0.000284469 5.11013e-05 0.000146986 -0.000758092 -0.036444 0.0463534 -0.000757744 -0.000758092 0.0844024 
0.0368637 -0.0434969 0.00140954 0.000330385 -0.0364441 -0.0434969 0.117319 -0.0016756 -0.000284469 0.0463534 0.00140954 -0.0016756 0.000156491 5.11016e-05 -0.000757751 0.000330385 -0.000284469 5.11016e-05 0.000146986 -0.000758097 -0.0364441 0.0463534 -0.000757751 -0.000758097 0.0844024 
0.0368638 -0.0434969 0.00140955 0.00033039 -0.0364442 -0.0434969 0.117319 -0.0016756 -0.000284468 0.0463534 0.00140955 -0.0016756 0.000156492 5.1102e-05 -0.000757759 0.00033039 -0.000284468 5.1102e-05 0.000146986 -0.000758101 -0.0364442 0.0463534 -0.000757759 -0.000758101 0.0844025 
0.036864 -0.0434969 0.00140956 0.000330395 -0.0364443 -0.0434969 0.117319 -0.0016756 -0.000284468 0.0463534 0.00140956 -0.0016756 0.000156493 5.11025e-05 -0.000757767 0.000330395 -0.000284468 5.11025e-05 0.000146986 -0.000758107 -0.0364443 0.0463534 -0.000757767 -0.000758107 0.0844026 
0.0368641 -0.0434968 0.00140957 0.000330402 -0.0364444 -0.0434968 0.117319 -0.0016756 -0.000284467 0.0463534 0.00140957 -0.0016756 0.000156493 5.1103e-05 -0.000757778 0.000330402 -0.000284467 5.1103e-05 0.000146987 -0.000758113 -0.0364444 0.0463534 -0.000757778 -0.000758113 0.0844028 
0.0368642 -0.0434968 0.00140958 0.00033041 -0.0364445 -0.0434968 0.117319 -0.0016756 -0.000284467 0.0463534 0.00140958 -0.0016756 0.000156494 5.11036e-05 -0.00075779 0.00033041 -0.000284467 5.11036e-05 0.000146987 -0.000758121 -0.0364445 0.0463534 -0.00075779 -0.000758121 0.0844029 
0.0368644 -0.0434968 0.0014096 0.000330418 -0.0364447 -0.0434968 0.117319 -0.0016756 -0.000284466 0.0463534 0.0014096 -0.0016756 0.000156495 5.11043e-05 -0.000757803 0.000330418 -0.000284466 5.11043e-05 0.000146988 -0.00075813 -0.0364447 0.0463534 -0.000757803 -0.00075813 0.0844031 
0.0368646 -0.0434968 0.00140961 0.000330428 -0.0364449 -0.0434968 0.117319 -0.00167559 -0.000284466 0.0463534 0.00140961 -0.00167559 0.000156497 5.11051e-05 -0.000757818 0.000330428 -0.000284466 5.11051e-05 0.000146988 -0.000758139 -0.0364449 0.0463534 -0.000757818 -0.000758139 0.0844033 
0.0368648 -0.0434968 0.00140963 0.00033044 -0.0364451 -0.0434968 0.117319 -0.00167559 -0.000284465 0.0463534 0.00140963 -0.00167559 0.000156498 5.11061e-05 -0.000757836 0.00033044 -0.000284465 5.11061e-05 0.000146989 -0.00075815 -0.0364451 0.0463534 -0.000757836 -0.00075815 0.0844034 
0.0368651 -0.0434968 0.00140965 0.000330453 -0.0364453 -0.0434968 0.117319 -0.00167559 -0.000284464 0.0463533 0.00140965 -0.00167559 0.0001565 5.11072e-05 -0.000757857 0.000330453 -0.000284464 5.11072e-05 0.000146989 -0.000758162 -0.0364453 0.0463533 -0.000757857 -0.000758162 0.0844037 
0.0368654 -0.0434968 0.00140968 0.000330469 -0.0364456 -0.0434968 0.117319 -0.00167559 -0.000284463 0.0463533 0.00140968 -0.00167559 0.000156502 5.11085e-05 -0.000757879 0.000330469 -0.000284463 5.11085e-05 0.00014699 -0.000758178 -0.0364456 0.0463533 -0.000757879 -0.000758178 0.0844039 
0.0368657 -0.0434968 0.00140971 0.000330486 -0.0364459 -0.0434968 0.117319 -0.00167559 -0.000284462 0.0463533 0.00140971 -0.00167559 0.000156505 5.111e-05 -0.000757907 0.000330486 -0.000284462 5.111e-05 0.000146991 -0.000758194 -0.0364459 0.0463533 -0.000757907 -0.000758194 0.0844043 
0.0368661 -0.0434967 0.00140974 0.000330506 -0.0364463 -0.0434967 0.117319 -0.00167559 -0.000284461 0.0463533 0.00140974 -0.00167559 0.000156507 5.11117e-05 -0.000757937 0.000330506 -0.000284461 5.11117e-05 0.000146992 -0.000758213 -0.0364463 0.0463533 -0.000757937 -0.000758213 0.0844046 
0.0368665 -0.0434967 0.00140977 0.00033053 -0.0364467 -0.0434967 0.117319 -0.00167559 -0.00028446 0.0463533 0.00140977 -0.00167559 0.000156511 5.11138e-05 -0.000757972 0.00033053 -0.00028446 5.11138e-05 0.000146994 -0.000758236 -0.0364467 0.0463533 -0.000757972 -0.000758236 0.084405 
0.0368669 -0.0434967 0.00140982 0.000330557 -0.0364472 -0.0434967 0.117319 -0.00167558 -0.000284459 0.0463533 0.00140982 -0.00167558 0.000156514 5.11161e-05 -0.000758013 0.000330557 -0.000284459 5.11161e-05 0.000146995 -0.000758262 -0.0364472 0.0463533 -0.000758013 -0.000758262 0.0844054 
0.0368675 -0.0434967 0.00140987 0.000330587 -0.0364477 -0.0434967 0.117319 -0.00167558 -0.000284458 0.0463532 0.00140987 -0.00167558 0.000156519 5.11188e-05 -0.00075806 0.000330587 -0.000284458 5.11188e-05 0.000146997 -0.000758291 -0.0364477 0.0463532 -0.00075806 -0.000758291 0.0844059 
0.0368681 -0.0434966 0.00140992 0.000330623 -0.0364483 -0.0434966 0.117319 -0.00167558 -0.000284457 0.0463532 0.00140992 -0.00167558 0.000156524 5.1122e-05 -0.000758113 0.000330623 -0.000284457 5.1122e-05 0.000146999 -0.000758325 -0.0364483 0.0463532 -0.000758113 -0.000758325 0.0844065 
0.0368688 -0.0434966 0.00140999 0.000330663 -0.0364489 -0.0434966 0.117319 -0.00167558 -0.000284456 0.0463532 0.00140999 -0.00167558 0.00015653 5.11257e-05 -0.000758174 0.000330663 -0.000284456 5.11257e-05 0.000147001 -0.000758363 -0.0364489 0.0463532 -0.000758174 -0.000758363 0.0844071 
0.0368696 -0.0434966 0.00141006 0.00033071 -0.0364497 -0.0434966 0.117319 -0.00167558 -0.000284455 0.0463532 0.00141006 -0.00167558 0.000156537 5.113e-05 -0.000758244 0.00033071 -0.000284455 5.113e-05 0.000147004 -0.000758408 -0.0364497 0.0463532 -0.000758244 -0.000758408 0.0844078 
0.0368705 -0.0434966 0.00141014 0.000330763 -0.0364505 -0.0434966 0.117319 -0.00167557 -0.000284454 0.0463532 0.00141014 -0.00167557 0.000156545 5.1135e-05 -0.000758325 0.000330763 -0.000284454 5.1135e-05 0.000147007 -0.000758459 -0.0364505 0.0463532 -0.000758325 -0.000758459 0.0844086 
0.0368715 -0.0434966 0.00141024 0.000330825 -0.0364515 -0.0434966 0.117319 -0.00167557 -0.000284453 0.0463531 0.00141024 -0.00167557 0.000156554 5.11408e-05 -0.000758417 0.000330825 -0.000284453 5.11408e-05 0.000147011 -0.000758517 -0.0364515 0.0463531 -0.000758417 -0.000758517 0.0844096 
0.0368727 -0.0434966 0.00141035 0.000330896 -0.0364526 -0.0434966 0.117319 -0.00167557 -0.000284452 0.0463531 0.00141035 -0.00167557 0.000156565 5.11476e-05 -0.000758523 0.000330896 -0.000284452 5.11476e-05 0.000147016 -0.000758585 -0.0364526 0.0463531 -0.000758523 -0.000758585 0.0844106 
0.036874 -0.0434966 0.00141048 0.000330977 -0.0364538 -0.0434966 0.117319 -0.00167557 -0.000284452 0.0463531 0.00141048 -0.00167557 0.000156577 5.11555e-05 -0.000758644 0.000330977 -0.000284452 5.11555e-05 0.000147021 -0.000758662 -0.0364538 0.0463531 -0.000758644 -0.000758662 0.0844118 
0.0368755 -0.0434966 0.00141063 0.00033107 -0.0364552 -0.0434966 0.117319 -0.00167557 -0.000284452 0.0463531 0.00141063 -0.00167557 0.000156592 5.11646e-05 -0.000758784 0.00033107 -0.000284452 5.11646e-05 0.000147027 -0.000758749 -0.0364552 0.0463531 -0.000758784 -0.000758749 0.0844131 
0.0368772 -0.0434966 0.0014108 0.000331178 -0.0364568 -0.0434966 0.117319 -0.00167557 -0.000284453 0.0463531 0.0014108 -0.00167557 0.000156609 5.11753e-05 -0.000758943 0.000331178 -0.000284453 5.11753e-05 0.000147034 -0.000758849 -0.0364568 0.0463531 -0.000758943 -0.000758849 0.0844145 
0.0368791 -0.0434966 0.00141099 0.000331301 -0.0364586 -0.0434966 0.117319 -0.00167557 -0.000284454 0.0463531 0.00141099 -0.00167557 0.000156629 5.11877e-05 -0.000759126 0.000331301 -0.000284454 5.11877e-05 0.000147042 -0.000758966 -0.0364586 0.0463531 -0.000759126 -0.000758966 0.0844163 
0.0368812 -0.0434966 0.00141121 0.000331443 -0.0364607 -0.0434966 0.117319 -0.00167557 -0.000284457 0.0463532 0.00141121 -0.00167557 0.000156652 5.12022e-05 -0.000759337 0.000331443 -0.000284457 5.12022e-05 0.000147051 -0.000759099 -0.0364607 0.0463532 -0.000759337 -0.000759099 0.0844182 
0.0368837 -0.0434967 0.00141147 0.000331606 -0.036463 -0.0434967 0.117319 -0.00167558 -0.000284461 0.0463532 0.00141147 -0.00167558 0.000156679 5.12191e-05 -0.000759577 0.000331606 -0.000284461 5.12191e-05 0.000147062 -0.000759252 -0.036463 0.0463532 -0.000759577 -0.000759252 0.0844203 
0.0368865 -0.0434967 0.00141176 0.000331792 -0.0364656 -0.0434967 0.117319 -0.00167559 -0.000284466 0.0463533 0.00141176 -0.00167559 0.000156711 5.12387e-05 -0.000759852 0.000331792 -0.000284466 5.12387e-05 0.000147075 -0.000759427 -0.0364656 0.0463533 -0.000759852 -0.000759427 0.0844227 
0.0368897 -0.0434969 0.0014121 0.000332006 -0.0364685 -0.0434969 0.117319 -0.0016756 -0.000284475 0.0463534 0.0014121 -0.0016756 0.000156747 5.12617e-05 -0.000760168 0.000332006 -0.000284475 5.12617e-05 0.00014709 -0.000759627 -0.0364685 0.0463534 -0.000760168 -0.000759627 0.0844254 
0.0368932 -0.043497 0.00141249 0.000332252 -0.0364718 -0.043497 0.117319 -0.00167561 -0.000284486 0.0463535 0.00141249 -0.00167561 0.00015679 5.12885e-05 -0.000760529 0.000332252 -0.000284486 5.12885e-05 0.000147107 -0.000759856 -0.0364718 0.0463535 -0.000760529 -0.000759856 0.0844285 
0.0368973 -0.0434972 0.00141293 0.000332533 -0.0364755 -0.0434972 0.117319 -0.00167563 -0.0002845 0.0463537 0.00141293 -0.00167563 0.000156841 5.13197e-05 -0.000760943 0.000332533 -0.0002845 5.13197e-05 0.000147128 -0.000760118 -0.0364755 0.0463537 -0.000760943 -0.000760118 0.084432 
0.036902 -0.0434974 0.00141344 0.000332855 -0.0364797 -0.0434974 0.117319 -0.00167567 -0.000284521 0.0463539 0.00141344 -0.00167567 0.000156899 5.13562e-05 -0.000761416 0.000332855 -0.000284521 5.13562e-05 0.000147152 -0.00076042 -0.0364797 0.0463539 -0.000761416 -0.00076042 0.0844358 
0.0369073 -0.0434976 0.00141401 0.000333221 -0.0364844 -0.0434976 0.117319 -0.00167571 -0.000284547 0.0463542 0.00141401 -0.00167571 0.000156968 5.13989e-05 -0.000761957 0.000333221 -0.000284547 5.13989e-05 0.00014718 -0.000760763 -0.0364844 0.0463542 -0.000761957 -0.000760763 0.0844402 
0.0369134 -0.0434979 0.00141467 0.000333639 -0.0364896 -0.0434979 0.117319 -0.00167576 -0.000284582 0.0463546 0.00141467 -0.00167576 0.000157049 5.14489e-05 -0.000762576 0.000333639 -0.000284582 5.14489e-05 0.000147212 -0.000761157 -0.0364896 0.0463546 -0.000762576 -0.000761157 0.0844451 
0.0369205 -0.0434983 0.00141542 0.000334112 -0.0364955 -0.0434983 0.117319 -0.00167583 -0.000284628 0.046355 0.00141542 -0.00167583 0.000157144 5.15074e-05 -0.000763284 0.000334112 -0.000284628 5.15074e-05 0.00014725 -0.000761607 -0.0364955 0.046355 -0.000763284 -0.000761607 0.0844505 
0.0369289 -0.0434986 0.00141627 0.000334646 -0.0365021 -0.0434986 0.11732 -0.00167593 -0.000284689 0.0463556 0.00141627 -0.00167593 0.000157257 5.15763e-05 -0.000764093 0.000334646 -0.000284689 5.15763e-05 0.000147296 -0.000762124 -0.0365021 0.0463556 -0.000764093 -0.000762124 0.0844567 
0.0369389 -0.0434989 0.00141723 0.000335243 -0.0365093 -0.0434989 0.11732 -0.00167606 -0.000284768 0.0463563 0.00141723 -0.00167606 0.00015739 5.16571e-05 -0.000765015 0.000335243 -0.000284768 5.16571e-05 0.000147349 -0.000762715 -0.0365093 0.0463563 -0.000765015 -0.000762715 0.0844636 
0.0369511 -0.0434992 0.00141831 0.000335903 -0.0365173 -0.0434992 0.11732 -0.00167623 -0.000284872 0.0463572 0.00141831 -0.00167623 0.000157548 5.17523e-05 -0.000766068 0.000335903 -0.000284872 5.17523e-05 0.000147411 -0.000763395 -0.0365173 0.0463572 -0.000766068 -0.000763395 0.0844714 
0.0369665 -0.0434993 0.00141952 0.000336623 -0.0365259 -0.0434993 0.117321 -0.00167646 -0.000285011 0.0463582 0.00141952 -0.00167646 0.000157738 5.18647e-05 -0.000767268 0.000336623 -0.000285011 5.18647e-05 0.000147485 -0.000764177 -0.0365259 0.0463582 -0.000767268 -0.000764177 0.0844803 
0.0369863 -0.0434991 0.00142087 0.000337387 -0.0365349 -0.0434991 0.117322 -0.00167676 -0.000285192 0.0463596 0.00142087 -0.00167676 0.000157965 5.19976e-05 -0.000768633 0.000337387 -0.000285192 5.19976e-05 0.000147574 -0.000765079 -0.0365349 0.0463596 -0.000768633 -0.000765079 0.0844904 
0.0370128 -0.0434984 0.00142238 0.00033817 -0.0365439 -0.0434984 0.117323 -0.00167717 -0.000285432 0.0463612 0.00142238 -0.00167717 0.00015824 5.21551e-05 -0.000770181 0.00033817 -0.000285432 5.21551e-05 0.000147679 -0.000766126 -0.0365439 0.0463612 -0.000770181 -0.000766126 0.084502 
0.0370491 -0.0434969 0.00142408 0.000338922 -0.0365522 -0.0434969 0.117325 -0.0016777 -0.000285747 0.0463633 0.00142408 -0.0016777 0.000158575 5.23416e-05 -0.000771926 0.000338922 -0.000285747 5.23416e-05 0.000147806 -0.000767351 -0.0365522 0.0463633 -0.000771926 -0.000767351 0.0845156 
0.0371003 -0.0434943 0.00142601 0.000339564 -0.0365583 -0.0434943 0.117327 -0.0016784 -0.00028616 0.0463657 0.00142601 -0.0016784 0.000158986 5.25625e-05 -0.000773878 0.000339564 -0.00028616 5.25625e-05 0.00014796 -0.0007688 -0.0365583 0.0463657 -0.000773878 -0.0007688 0.084532 
0.0371741 -0.0434903 0.00142827 0.00033997 -0.0365599 -0.0434903 0.11733 -0.00167933 -0.000286699 0.0463687 0.00142827 -0.00167933 0.000159494 5.28237e-05 -0.000776022 0.00033997 -0.000286699 5.28237e-05 0.000148148 -0.000770535 -0.0365599 0.0463687 -0.000776022 -0.000770535 0.0845521 
0.0372823 -0.0434845 0.00143104 0.000339941 -0.036553 -0.0434845 0.117334 -0.00168054 -0.000287395 0.0463721 0.00143104 -0.00168054 0.00016013 5.31309e-05 -0.000778312 0.000339941 -0.000287395 5.31309e-05 0.000148379 -0.000772651 -0.036553 0.0463721 -0.000778312 -0.000772651 0.0845779 
0.0374426 -0.0434768 0.00143466 0.00033918 -0.0365311 -0.0434768 0.11734 -0.00168214 -0.000288285 0.0463757 0.00143466 -0.00168214 0.000160938 5.34895e-05 -0.000780631 0.00033918 -0.000288285 5.34895e-05 0.000148665 -0.000775285 -0.0365311 0.0463757 -0.000780631 -0.000775285 0.0846125 
0.0376819 -0.0434676 0.00143975 0.000337248 -0.0364838 -0.0434676 0.117348 -0.00168426 -0.000289402 0.0463792 0.00143975 -0.00168426 0.000161979 5.39026e-05 -0.000782738 0.000337248 -0.000289402 5.39026e-05 0.000149022 -0.000778631 -0.0364838 0.0463792 -0.000782738 -0.000778631 0.0846605 
0.0380399 -0.0434586 0.00144742 0.000333508 -0.0363944 -0.0434586 0.117357 -0.0016871 -0.000290774 0.0463811 0.00144742 -0.0016871 0.000163349 5.43688e-05 -0.000784162 0.000333508 -0.000290774 5.43688e-05 0.000149472 -0.00078298 -0.0363944 0.0463811 -0.000784162 -0.00078298 0.0847299 
0.0385754 -0.0434535 0.00145957 0.000327053 -0.0362368 -0.0434535 0.11737 -0.00169096 -0.000292408 0.0463794 0.00145957 -0.00169096 0.000165192 5.48785e-05 -0.000784053 0.000327053 -0.000292408 5.48785e-05 0.00015004 -0.000788756 -0.0362368 0.0463794 -0.000784053 -0.000788756 0.0848334 
0.0393744 -0.0434602 0.00147939 0.000316616 -0.0359706 -0.0434602 0.117388 -0.00169637 -0.000294267 0.0463692 0.00147939 -0.00169637 0.000167736 5.54085e-05 -0.000780904 0.000316616 -0.000294267 5.54085e-05 0.000150763 -0.000796569 -0.0359706 0.0463692 -0.000780904 -0.000796569 0.0849909 
0.0405616 -0.0434929 0.00151214 0.000300444 -0.0355344 -0.0434929 0.117412 -0.00170417 -0.000296247 0.0463423 0.00151214 -0.00170417 0.000171338 5.59131e-05 -0.000772134 0.000300444 -0.000296247 5.59131e-05 0.000151684 -0.000807288 -0.0355344 0.0463423 -0.000772134 -0.000807288 0.0852342 
0.0423157 -0.0435772 0.0015663 0.00027617 -0.0348351 -0.0435772 0.117447 -0.00171583 -0.000298123 0.0462841 0.0015663 -0.00171583 0.000176575 5.63131e-05 -0.000753413 0.00027617 -0.000298123 5.63131e-05 0.000152861 -0.000822148 -0.0348351 0.0462841 -0.000753413 -0.000822148 0.0856129 
0.0448907 -0.0437562 0.00165528 0.000240639 -0.0337341 -0.0437562 0.117499 -0.00173384 -0.000299485 0.0461695 0.00165528 -0.00173384 0.000184363 5.64788e-05 -0.000717624 0.000240639 -0.000299485 5.64788e-05 0.000154363 -0.00084286 -0.0337341 0.0461695 -0.000717624 -0.00084286 0.0862032 
0.0486436 -0.0441003 0.00179991 0.000189737 -0.0320274 -0.0441003 0.117583 -0.00176243 -0.000299654 0.0459563 0.00179991 -0.00176243 0.000196162 5.62102e-05 -0.000653284 0.000189737 -0.000299654 5.62102e-05 0.000156277 -0.000871766 -0.0320274 0.0459563 -0.000653284 -0.000871766 0.0871219 
0.0540701 -0.0447222 0.00203196 0.000118201 -0.0294182 -0.0447222 0.117722 -0.00180867 -0.000297568 0.0455763 0.00203196 -0.00180867 0.000214287 5.52094e-05 -0.00054219 0.000118201 -0.000297568 5.52094e-05 0.000158707 -0.00091202 -0.0294182 0.0455763 -0.00054219 -0.00091202 0.0885453 
0.0618512 -0.0457963 0.00239911 1.94667e-05 -0.0254801 -0.0457963 0.117955 -0.00188421 -0.000291638 0.0449197 0.00239911 -0.00188421 0.000242362 5.30495e-05 -0.000355962 1.94667e-05 -0.000291638 5.30495e-05 0.000161774 -0.000967764 -0.0254801 0.0449197 -0.000355962 -0.000967764 0.090736 
0.0729098 -0.0475882 0.00297167 -0.000114429 -0.0196093 -0.0475882 0.118351 -0.00200793 -0.0002796 0.0438148 0.00297167 -0.00200793 0.000286007 4.91407e-05 -5.1097e-05 -0.000114429 -0.0002796 4.91407e-05 0.00016562 -0.00104431 -0.0196093 0.0438148 -5.1097e-05 -0.00104431 0.0940807 
0.0884785 -0.0504921 0.00385152 -0.000292806 -0.0109627 -0.0504921 0.11902 -0.0022098 -0.000258352 0.0419976 0.00385152 -0.0022098 0.00035381 4.2696e-05 0.000437946 -0.000292806 -0.000258352 4.2696e-05 0.000170401 -0.00114825 -0.0109627 0.0419976 0.000437946 -0.00114825 0.0991401 
0.110177 -0.0550816 0.0051836 -0.000526078 0.00161784 -0.0550816 0.120142 -0.00253654 -0.000223833 0.0390703 0.0051836 -0.00253654 0.000458703 3.27085e-05 0.00120818 -0.000526078 -0.000223833 3.27085e-05 0.000176284 -0.0012875 0.00161784 0.0390703 0.00120818 -0.0012875 0.106716 
0.140094 -0.062172 0.00716997 -0.000825117 0.0196941 -0.062172 0.121996 -0.00305934 -0.000170999 0.0344465 0.00716997 -0.00305934 0.000619808 1.79512e-05 0.00240044 -0.000825117 -0.000170999 1.79512e-05 0.00018344 -0.00147105 0.0196941 0.0344465 0.00240044 -0.00147105 0.117932 
0.180857 -0.0728944 0.0100862 -0.00120012 0.0453283 -0.0728944 0.125006 -0.00388424 -9.39723e-05 0.0272799 0.0100862 -0.00388424 0.000864858 -2.97907e-06 0.00421487 -0.00120012 -9.39723e-05 -2.97907e-06 0.000192032 -0.00170838 0.0453283 0.0272799 0.00421487 -0.00170838 0.134339 
0.235684 -0.0887764 0.0142982 -0.00165871 0.0811744 -0.0887764 0.129805 -0.00516518 1.34715e-05 0.0163801 0.0142982 -0.00516518 0.00123316 -3.1543e-05 0.00692922 -0.00165871 1.34715e-05 -3.1543e-05 0.000202201 -0.00200833 0.0811744 0.0163801 0.00692922 -0.00200833 0.158019 
0.308367 -0.111814 0.0202774 -0.00220319 0.130539 -0.111814 0.137298 -0.00711918 0.000156935 0.000121206 0.0202774 -0.00711918 0.00177893 -6.90269e-05 0.0109179 -0.00220319 0.000156935 -6.90269e-05 0.000214048 -0.00237712 0.130539 0.000121206 0.0109179 -0.00237712 0.191695 
0.403154 -0.14452 0.0286077 -0.00282677 0.19738 -0.14452 0.148739 -0.010042 0.000339745 -0.023644 0.0286077 -0.010042 0.00257458 -0.000116163 0.0166689 -0.00282677 0.000339745 -0.000116163 0.000227617 -0.00281542 0.19738 -0.023644 0.0166689 -0.00281542 0.238804 
0.524467 -0.189895 0.0399767 -0.0035089 0.286175 -0.189895 0.165797 -0.0143201 0.000560462 -0.0576301 0.0399767 -0.0143201 0.00371298 -0.000172564 0.024791 -0.0035089 0.000560462 -0.000172564 0.000242892 -0.00331434 0.286175 -0.0576301 0.024791 -0.00331434 0.303487 
0.676393 -0.251299 0.0551402 -0.00421036 0.401603 -0.251299 0.190577 -0.0204336 0.000809562 -0.105087 0.0551402 -0.0204336 0.00530728 -0.000235985 0.0360024 -0.00421036 0.000809562 -0.000235985 0.000259792 -0.0038505 0.401603 -0.105087 0.0360024 -0.0038505 0.390443 
0.861911 -0.332133 0.0748471 -0.00486908 0.547965 -0.332133 0.225564 -0.0289391 0.0010656 -0.169626 0.0748471 -0.0289391 0.00748617 -0.000301494 0.0510867 -0.00486908 0.0010656 -0.000301494 0.000278206 -0.004381 0.547965 -0.169626 0.0510867 -0.004381 0.504545 
1.08185 -0.435307 0.0997146 -0.00539865 0.728294 -0.435307 0.273433 -0.0404229 0.00129166 -0.254833 0.0997146 -0.0404229 0.0103821 -0.000360724 0.0708035 -0.00539865 0.00129166 -0.000360724 0.000298044 -0.0048396 0.728294 -0.254833 0.0708035 -0.0048396 0.650158 
1.33374 -0.56249 0.130059 -0.00569202 0.943241 -0.56249 0.336685 -0.0554165 0.00143362 -0.363654 0.130059 -0.0554165 0.014111 -0.000401559 0.095747 -0.00569202 0.00143362 -0.000401559 0.000319317 -0.0051366 0.943241 -0.363654 0.095747 -0.0051366 0.830162 
1.6108 -0.713224 0.1657 -0.00563238 1.18986 -0.713224 0.4171 -0.0742717 0.00142202 -0.497543 0.1657 -0.0742717 0.0187438 -0.000408636 0.12616 -0.00563238 0.00142202 -0.000408636 0.00034223 -0.00516461 1.18986 -0.497543 0.12616 -0.00516461 1.04473 
1.90147 -0.884124 0.205789 -0.00511208 1.46073 -0.884124 0.51508 -0.0970166 0.00117928 -0.655564 0.205789 -0.0970166 0.0242739 -0.000365029 0.16174 -0.00511208 0.00117928 -0.000365029 0.000367246 -0.00481229 1.46073 -0.655564 0.16174 -0.00481229 1.29019 
2.18995 -1.06847 0.248735 -0.00405695 1.74375 -1.06847 0.629032 -0.123226 0.00063269 -0.833671 0.248735 -0.123226 0.0305895 -0.00025516 0.201494 -0.00405695 0.00063269 -0.00025516 0.000395075 -0.00398527 1.74375 -0.833671 0.201494 -0.00398527 1.55831 
2.45798 -1.2565 0.292288 -0.00244992 2.02308 -1.2565 0.755052 -0.151961 -0.000268999 -1.02453 0.292288 -0.151961 0.0374626 -6.84354e-05 0.24372 -0.00244992 -0.000268998 -6.84354e-05 0.000426561 -0.00263012 2.02308 -1.02453 0.24372 -0.00263012 1.8365 
2.68754 -1.43659 0.333813 -0.000345431 2.28126 -1.43659 0.887101 -0.181824 -0.00153987 -1.21814 0.333813 -0.181824 0.044564 0.000197424 0.286155 -0.000345431 -0.00153987 0.000197424 0.000462464 -0.00075404 2.28126 -1.21814 0.286155 -0.00075404 2.10917 
2.86404 -1.59703 0.370701 0.00213232 2.50198 -1.59703 1.01776 -0.211138 -0.00314789 -1.40319 0.370701 -0.211138 0.0515066 0.000534606 0.326301 0.00213232 -0.00314788 0.000534606 0.0005032 0.0015678 2.50198 -1.40319 0.326301 0.0015678 2.36002 
2.97883 -1.72805 0.400814 0.00480932 2.67293 -1.72805 1.13941 -0.238213 -0.005017 -1.56893 0.400814 -0.238213 0.0579065 0.000925886 0.361826 0.00480932 -0.005017 0.000925886 0.00054863 0.00420158 2.67293 -1.56893 0.361826 0.00420158 2.57478 
3.03031 -1.82338 0.422817 0.00749352 2.78761 -1.82338 1.2455 -0.261627 -0.00704012 -1.70687 0.422817 -0.261627 0.0634453 0.00134761 0.390946 0.00749352 -0.00704012 0.00134761 0.000597991 0.0069785 2.78761 -1.70687 0.390946 0.0069785 2.74345 
3.02343 -1.88094 0.436315 0.0100089 2.84582 -1.88094 1.3315 -0.280423 -0.00909893 -1.812 0.436315 -0.280423 0.067914 0.00177413 0.412655 0.0100089 -0.00909893 0.00177413 0.000649995 0.00972552 2.84582 -1.812 0.412655 0.00972552 2.86149 
2.9679 -1.90252 0.441776 0.0122207 2.85268 -1.90252 1.39531 -0.294199 -0.0110839 -1.88298 0.441776 -0.294199 0.0712291 0.00218206 0.426769 0.0122207 -0.0110839 0.00218206 0.000703061 0.0122929 2.85268 -1.88298 0.426769 0.0122929 2.92974 
2.87584 -1.89287 0.440292 0.0140481 2.8169 -1.89287 1.43717 -0.30306 -0.0129089 -1.92173 0.440292 -0.30306 0.0734218 0.00255338 0.433797 0.0140481 -0.0129089 0.00255338 0.000755588 0.0145721 2.8169 -1.92173 0.433797 0.0145721 2.95327 
2.75965 -1.85831 0.4333 0.0154621 2.74881 -1.85831 1.45909 -0.307498 -0.0145183 -1.9324 0.4333 -0.307498 0.074608 0.00287678 0.434726 0.0154621 -0.0145183 0.00287678 0.000806196 0.0165015 2.74881 -1.9324 0.434726 0.0165015 2.93978 
2.63039 -1.80563 0.42231 0.0164757 2.65866 -1.80563 1.4642 -0.308235 -0.0158865 -1.92034 0.42231 -0.308235 0.0749536 0.00314746 0.430775 0.0164757 -0.0158865 0.00314746 0.000853867 0.0180621 2.65866 -1.92034 0.430775 0.0180621 2.898 
2.49696 -1.74116 0.408721 0.0171299 2.55555 -1.74116 1.45608 -0.306082 -0.0170129 -1.8912 0.408721 -0.306082 0.0746422 0.00336586 0.423202 0.0171299 -0.0170129 0.00336586 0.000898 0.0192679 2.55555 -1.8912 0.423202 0.0192679 2.83648 
2.36592 -1.67028 0.39371 0.0174803 2.44684 -1.67028 1.43828 -0.30183 -0.0179146 -1.85021 0.39371 -0.30183 0.0738515 0.00353611 0.413161 0.0174803 -0.0179146 0.00353611 0.000938381 0.0201543 2.44684 -1.85021 0.413161 0.0201543 2.76275 
2.24161 -1.5972 0.378195 0.0175863 2.33805 -1.5972 1.41403 -0.296183 -0.0186195 -1.80189 0.378195 -0.296183 0.0727387 0.00366445 0.401629 0.0175863 -0.0186195 0.00366445 0.000975118 0.0207679 2.33805 -1.80189 0.401629 0.0207679 2.68299 
2.1266 -1.52502 0.362843 0.0175041 2.23302 -1.52502 1.386 -0.289726 -0.0191603 -1.74986 0.362843 -0.289726 0.0714341 0.00375801 0.389386 0.0175041 -0.0191603 0.00375801 0.00100856 0.0211586 2.23302 -1.74986 0.389386 0.0211586 2.60198 
2.0221 -1.45586 0.348103 0.0172829 2.13423 -1.45586 1.35638 -0.282925 -0.0195706 -1.69692 0.348103 -0.282925 0.0700402 0.00382387 0.37702 0.0172829 -0.0195706 0.00382387 0.00103921 0.021374 2.13423 -1.69692 0.37702 0.021374 2.52319 
1.92838 -1.39102 0.334251 0.0169628 2.04309 -1.39102 1.32683 -0.276127 -0.0198818 -1.64507 0.334251 -0.276127 0.0686338 0.00386856 0.364951 0.0169628 -0.0198818 0.00386856 0.00106766 0.021457 2.04309 -1.64507 0.364951 0.021457 2.44905 
1.84509 -1.33123 0.32143 0.0165751 1.96023 -1.33123 1.29856 -0.269585 -0.0201224 -1.59572 0.32143 -0.269585 0.0672693 0.00389777 0.353463 0.0165751 -0.0201224 0.00389777 0.00109456 0.0214442 1.96023 -1.59572 0.353463 0.0214442 2.38111 
1.77152 -1.27674 0.309689 0.0161426 1.88581 -1.27674 1.27246 -0.26347 -0.0203168 -1.54979 0.309689 -0.26347 0.065984 0.00391623 0.342738 0.0161426 -0.0203168 0.00391623 0.00112058 0.0213658 1.88581 -1.54979 0.342738 0.0213658 2.32034 
1.7068 -1.22754 0.299013 0.0156807 1.81962 -1.22754 1.24911 -0.257891 -0.0204857 -1.50782 0.299013 -0.257891 0.0648008 0.00392774 0.332879 0.0156807 -0.0204857 0.00392774 0.00114639 0.0212461 1.81962 -1.50782 0.332879 0.0212461 2.26724 
1.64999 -1.18339 0.289342 0.0151985 1.76132 -1.18339 1.22892 -0.252911 -0.0206462 -1.47012 0.289342 -0.252911 0.063732 0.00393516 0.323936 0.0151985 -0.0206462 0.00393516 0.00117265 0.0211039 1.76132 -1.47012 0.323936 0.0211039 2.22202 
1.60022 -1.14394 0.280591 0.0146994 1.71047 -1.14394 1.21212 -0.248555 -0.0208125 -1.4368 0.280591 -0.248555 0.0627819 0.00394055 0.315923 0.0146994 -0.0208125 0.00394055 0.00120005 0.0209539 1.71047 -1.4368 0.315923 0.0209539 2.1847 
1.55668 -1.10877 0.272664 0.0141822 1.66663 -1.10877 1.19887 -0.244823 -0.020996 -1.40785 0.272664 -0.244823 0.0619488 0.00394519 0.30883 0.0141822 -0.020996 0.00394519 0.00122927 0.020807 1.66663 -1.40785 0.30883 0.020807 2.15517 
1.51873 -1.07741 0.265456 0.0136413 1.62942 -1.07741 1.18921 -0.241693 -0.0212058 -1.3832 0.265456 -0.241693 0.0612265 0.00394961 0.302639 0.0136413 -0.0212058 0.00394961 0.00126102 0.0206716 1.62942 -1.3832 0.302639 0.0206716 2.13325 
1.48591 -1.04941 0.258869 0.0130673 1.59854 -1.04941 1.18316 -0.239125 -0.0214491 -1.36274 0.258869 -0.239125 0.0606051 0.00395367 0.297322 0.0130673 -0.0214491 0.00395367 0.00129604 0.0205537 1.59854 -1.36274 0.297322 0.0205537 2.11871 
1.45797 -1.0243 0.252811 0.0124469 1.57376 -1.0243 1.1807 -0.237067 -0.0217314 -1.34633 0.252811 -0.237067 0.0600724 0.00395644 0.292854 0.0124469 -0.0217314 0.00395644 0.0013351 0.0204579 1.57376 -1.34633 0.292854 0.0204579 2.11126 
1.43494 -1.00163 0.247205 0.0117629 1.55497 -1.00163 1.18177 -0.235452 -0.0220563 -1.33383 0.247205 -0.235452 0.0596139 0.00395625 0.289212 0.0117629 -0.0220563 0.00395625 0.00137904 0.0203878 1.55497 -1.33383 0.289212 0.0203878 2.11053 
1.41718 -0.980992 0.242002 0.010995 1.54214 -0.980992 1.18628 -0.234198 -0.0224255 -1.32509 0.242002 -0.234198 0.0592142 0.00395058 0.286376 0.010995 -0.0224255 0.00395058 0.00142872 0.0203467 1.54214 -1.32509 0.286376 0.0203467 2.11603 
1.40544 -0.962013 0.237182 0.0101192 1.53527 -0.962013 1.1941 -0.233207 -0.0228387 -1.31993 0.237182 -0.233207 0.0588568 0.00393594 0.284326 0.0101192 -0.0228387 0.00393594 0.00148506 0.0203378 1.53527 -1.31993 0.284326 0.0203378 2.12706 
1.4009 -0.944381 0.23277 0.00910933 1.53436 -0.944381 1.20504 -0.232368 -0.0232933 -1.31816 0.23277 -0.232368 0.0585256 0.00390788 0.283037 0.00910933 -0.0232933 0.00390788 0.00154896 0.020365 1.53436 -1.31816 0.283037 0.020365 2.14263 
1.40524 -0.927876 0.228846 0.00793813 1.53929 -0.927876 1.21884 -0.23155 -0.0237833 -1.31952 0.228846 -0.23155 0.0582069 0.003861 0.282469 0.00793813 -0.0237833 0.003861 0.00162128 0.0204336 1.53929 -1.31952 0.282469 0.0204336 2.16134 
1.42055 -0.912364 0.225553 0.00658007 1.5496 -0.912364 1.23515 -0.230605 -0.0242999 -1.32361 0.225553 -0.230605 0.0578887 0.00378899 0.282545 0.00658007 -0.0242999 0.00378899 0.00170274 0.0205504 1.5496 -1.32361 0.282545 0.0205504 2.18123 
1.44921 -0.897828 0.223094 0.00501516 1.56432 -0.897828 1.25347 -0.229369 -0.02483 -1.32987 0.223094 -0.229369 0.0575639 0.00368499 0.283126 0.00501516 -0.02483 0.00368499 0.0017938 0.0207243 1.56432 -1.32987 0.283126 0.0207243 2.1996 
1.49353 -0.884335 0.221714 0.00323451 1.58165 -0.884335 1.27314 -0.22766 -0.0253565 -1.33747 0.221714 -0.22766 0.057228 0.00354218 0.283973 0.00323451 -0.0253565 0.00354218 0.00189453 0.0209658 1.58165 -1.33747 0.283973 0.0209658 2.21296 
1.55513 -0.872 0.221656 0.00124691 1.59861 -0.872 1.29329 -0.225289 -0.025859 -1.34522 0.221656 -0.225289 0.0568787 0.00335464 0.284713 0.00124691 -0.025859 0.00335464 0.00200436 0.021287 1.59861 -1.34522 0.284713 0.021287 2.21708 
1.63409 -0.860868 0.223074 -0.000914499 1.61089 -0.860868 1.31285 -0.222054 -0.0263139 -1.35151 0.223074 -0.222054 0.0565097 0.00311854 0.284798 -0.000914499 -0.0263139 0.00311854 0.00212196 0.0216979 1.61089 -1.35151 0.284798 0.0216979 2.20714 
1.72788 -0.85076 0.225925 -0.00318749 1.61281 -0.85076 1.33051 -0.217751 -0.0266972 -1.35428 0.225925 -0.217751 0.0561024 0.00283349 0.283504 -0.00318749 -0.0266972 0.00283349 0.00224506 0.0222039 1.61281 -1.35428 0.283504 0.0222039 2.17826 
1.83054 -0.841075 0.229846 -0.00548134 1.59782 -0.841075 1.34478 -0.212176 -0.0269859 -1.35118 0.229846 -0.212176 0.0556146 0.00250352 0.279965 -0.00548134 -0.0269859 0.00250352 0.00237044 0.0228005 1.59782 -1.35118 0.279965 0.0228005 2.1263 
1.93239 -0.830693 0.234081 -0.00768435 1.55943 -0.830693 1.35413 -0.205145 -0.0271615 -1.33978 0.234081 -0.205145 0.0549735 0.00213757 0.273293 -0.00768435 -0.0271615 0.00213757 0.00249406 0.0234683 1.55943 -1.33978 0.273293 0.0234683 2.04884 
2.02089 -0.817973 0.237504 -0.00968007 1.49273 -0.817973 1.35708 -0.196512 -0.0272116 -1.31806 0.237504 -0.196512 0.0540764 0.00174875 0.262752 -0.00968007 -0.0272116 0.00174875 0.00261142 0.0241717 1.49273 -1.31806 0.262752 0.0241717 1.94614 
2.08268 -0.801035 0.23879 -0.0113679 1.39585 -0.801035 1.35251 -0.186202 -0.0271318 -1.28481 0.23879 -0.186202 0.0528044 0.0013525 0.247956 -0.0113679 -0.0271318 0.0013525 0.00271812 0.0248593 1.39585 -1.28481 0.247956 0.0248593 1.82151 
2.10659 -0.7782 0.236708 -0.0126826 1.27102 -0.7782 1.33984 -0.17426 -0.0269253 -1.24013 0.236708 -0.17426 0.051052 0.000964195 0.229043 -0.0126826 -0.0269253 0.000964195 0.00281038 0.0254727 1.27102 -1.24013 0.229043 0.0254727 1.68116 
2.08631 -0.748523 0.230443 -0.0136049 1.12452 -0.748523 1.31919 -0.160877 -0.026603 -1.18544 0.230443 -0.160877 0.0487595 0.000596739 0.206709 -0.0136049 -0.026603 0.000596739 0.00288563 0.0259568 1.12452 -1.18544 0.206709 0.0259568 1.53309 
2.02194 -0.712128 0.219815 -0.01416 0.965553 -0.712128 1.29141 -0.146398 -0.0261809 -1.12338 0.219815 -0.146398 0.0459372 0.000259116 0.182096 -0.01416 -0.0261809 0.000259116 0.00294271 0.0262723 0.965553 -1.12338 0.182096 0.0262723 1.38563 
1.91964 -0.670246 0.205314 -0.0144052 0.804313 -0.670246 1.258 -0.131286 -0.0256791 -1.0572 0.205314 -0.131286 0.0426704 -4.39957e-05 0.156574 -0.0144052 -0.0256791 -4.39957e-05 0.00298192 0.026401 0.804313 -1.0572 0.156574 0.026401 1.24598 
1.78979 -0.624933 0.187945 -0.0144126 0.65008 -0.624933 1.22079 -0.116064 -0.0251195 -0.990234 0.187945 -0.116064 0.0391019 -0.000311419 0.131474 -0.0144126 -0.0251195 -0.000311419 0.00300471 0.0263487 0.650081 -0.990234 0.131474 0.0263487 1.11928 
1.64437 -0.578595 0.168967 -0.0142539 0.509847 -0.578595 1.18171 -0.101236 -0.0245245 -0.925379 0.168967 -0.101236 0.0354027 -0.000544384 0.10789 -0.0142539 -0.0245245 -0.000544384 0.00301335 0.0261393 0.509848 -0.925379 0.10789 0.0261393 1.00833 
1.49467 -0.533529 0.149627 -0.0139901 0.387792 -0.533529 1.14252 -0.0872283 -0.0239145 -0.864773 0.149627 -0.0872283 0.0317397 -0.000745468 0.086565 -0.0139901 -0.0239145 -0.000745468 0.00301046 0.0258076 0.387792 -0.864771 0.086565 0.0258076 0.913853 
1.34983 -0.491594 0.130976 -0.0136675 0.285466 -0.491594 1.10467 -0.0743513 -0.0233071 -0.809727 0.130976 -0.0743513 0.0282533 -0.000917785 0.0678856 -0.0136675 -0.0233071 -0.000917785 0.00299872 0.0253916 0.285466 -0.809725 0.0678856 0.0253916 0.835039 
1.21619 -0.454059 0.113769 -0.013318 0.202387 -0.454059 1.06922 -0.0627942 -0.0227166 -0.760843 0.113769 -0.0627942 0.0250443 -0.00106449 0.0519404 -0.013318 -0.0227166 -0.00106449 0.00298056 0.0249271 0.202388 -0.760841 0.0519404 0.0249271 0.770235 
1.09739 -0.421606 0.0984591 -0.0129621 0.136781 -0.421606 1.03683 -0.0526335 -0.0221529 -0.71814 0.0984591 -0.0526335 0.022173 -0.00118855 0.0386033 -0.0129621 -0.0221529 -0.00118855 0.0029581 0.0244433 0.136781 -0.718138 0.0386033 0.0244433 0.717375 
